candidate_id	similarity	score
5978	0.013423096030960452	1
5979	0.1542208195718979	2
5980	0.04697065984832986	1
5981	0.05322610239310427	1
5982	0.11717325658621688	2
5983	0.030186703650326416	1
5984	0.005851046925006132	1
5985	0.05939592797133156	0
5986	0.059714162369877186	2
5987	0.12842109380054328	3
5988	0.1241813929374621	3
5989	0.07901154356883264	1
5990	0.0965459387543405	3
5991	0.060879471599464725	2
5992	0.027625003033037658	1
5993	0.11189055524336466	2
5994	0.07451131247980784	2
5995	0.08034461624362949	2
5996	0.05642248747334782	1
5997	0.06722414934235717	2
5998	0.014546947383538492	2
5999	0.001612296671127905	1
6000	0.09229651139090417	2
6001	0.024469081178133813	1
6002	0.10566835697794127	2
6003	0.1842815242528705	3
6004	0.0024023370133794573	1
6005	0.14146572388422987	3
6006	0.08146182952473485	2
6007	0.11321566400028969	3
6008	0.12674815168374665	1
6010	0.07363299294919512	1
6011	9.571955873974552e-06	1
6012	0.03377955894377956	0
6013	0.005684772262436212	1
6014	0.1360956853922469	3
6015	0.09348823149054183	2
6016	0.17761326937211103	3
6017	0.04459591031062968	1
6018	0.05079856451716448	2
6019	0.03664820945226811	1
6020	0.1171006073968558	2
6021	0.017371829387330655	2
6022	0.10040657894288331	2
6023	0.14048558672884326	2
6024	0.03416695220171996	1
6025	0.009729810070222878	1
6026	0.16638981024647947	3
6027	0.17582846014064507	3
6028	0.031194379596573035	2
6029	0.07015858682599527	1
6030	0.16159913829203768	3
6031	0.16294271555688436	3
6032	0.03194464625064884	2
6033	0.18123929299553249	3
6034	0.10176758618913154	2
6035	0.045854656358030994	1
6036	0.1368840511857121	2
6037	0.04871434514362983	2
6038	0.1011959387956025	2
6039	0.09070373721031935	1
6040	0.055218898089601336	1
6041	0.006969928084153972	2
6042	0.0995836976634844	2
6043	0.024937231557765414	1
6044	1.731375989100614e-06	2
6045	0.08952234970686147	2
6046	0.07374707368781037	1
6047	0.023969337998469786	1
6048	0.10664816397613909	1
6049	0.015830526621405716	1
6050	0.13818323749094547	3
6051	0.13766255096048724	1
6052	0.09352997302093244	2
6053	0.0170554935083223	1
6054	0.042088194596776	1
6055	0.137592810233422	2
6056	0.06891923820843551	1
6057	0.13762208337947873	3
6058	0.09815624304806811	2
6059	0.004040862672738438	1
6060	0.010777526156770497	1
6061	0.17291700990503336	3
6062	0.04246757363938168	1
6063	0.0801516563251523	2
6064	0.06316878249480597	2
6065	0.08371380933870806	2
6066	0.032755023978097327	1
6067	0.024797994831897804	1
6068	0.03951789664860518	2
6069	0.11298546713318214	2
6070	0.07281904183696572	2
6071	0.08640995919872455	2
6072	0.060824934235705834	2
6073	0.11937212966549376	2
6074	0.029319796127528275	2
6075	0.18440566710347392	3
6076	0.160107954709989	2
6077	0.0624038774801138	1
6078	0.057738155923659204	2
6079	0.12475074663492565	3
6080	0.10249560424830106	2
6081	0.004503681057685649	2
6082	0.03365448410431803	1
6083	0.0007938351085867563	1
6084	0.07101347848292365	3
6085	0.1547879182516081	3
6086	0.04662098686833549	1
6087	0.050322509337740066	2
6088	0.1039781875723068	2
6089	0.11339160809240023	3
6090	0.0575557198657512	1
6091	0.11901093876104435	3
6092	0.007598702972260278	1
6093	0.0026551991273071184	1
6094	0.10207553286321056	1
6095	0.17596493674463795	3
6096	0.08689508428708378	2
6097	0.004478699767214848	1
6098	0.11057196491509062	3
6099	0.008662783086587104	1
6100	0.12489121044412492	2
6101	0.0801516563251523	2
6102	0.1054429013747959	2
6103	0.1318339945115948	2
6104	0.002070407124435593	1
6105	0.1481941778099156	3
6106	0.029652933910730234	1
6107	0.09023554441415911	2
6108	0.027242221080991915	1
6109	0.12678790307375262	2
6110	0.07164766774022807	2
6111	0.08339393021468483	2
6112	0.05070141512988413	1
6113	0.13868847690828803	3
6114	0.00037227977699246515	1
6115	0.009555039207813852	2
6116	0.17437062485965674	2
6117	0.10396619193929929	1
6118	0.1429771007113896	3
6119	0.04955872580261671	1
6120	0.08822489894179214	2
6121	0.15134862550375938	3
6122	0.06291802463590286	2
6123	0.12357223671187767	3
6124	0.10884616162871501	3
6125	0.03326847284703493	2
6126	0.054852339754992714	1
6127	0.17996327258114736	3
6128	0.1576568500198091	3
6129	0.0869840791365497	2
6130	0.05248241075411033	1
6131	0.017536509686415968	1
6132	0.106193364003816	3
6133	0.011380237484421546	1
6134	0.11094640118314267	2
6135	0.06845820418701061	2
6136	0.03288607091485875	1
6137	0.11066554088662638	2
6138	0.08944598254357225	2
6139	0.07905029017060372	2
6140	0.1003260689243548	1
6141	0.07081231164388822	2
6142	0.14490500161081762	2
6143	0.11083979130256516	3
6144	0.12478850478195469	3
6145	0.15387761587832172	3
6146	0.12990326858813286	2
6147	0.02700133028374609	2
6148	0.021312599982060317	2
6149	0.07493610583240803	2
6150	0.09479997263336842	2
6151	0.10040657894288331	2
6152	0.11067619019376632	2
6153	0.06253315378198596	2
6154	1.9167847163414253e-05	1
6155	0.05305519837474608	1
6156	0.10924181225432127	2
6157	0.1740830692921563	3
6158	0.15523579875291238	3
6159	0.09904486592333187	2
6160	0.09354116148665946	2
6161	0.06874196738237513	2
6162	0.172281045388938	2
6163	0.007140544423756561	1
6164	0.0735177110432775	2
6165	0.14239081067327183	3
6166	0.0005778648192357092	1
6167	0.005214417135931483	3
6168	0.09471781646182813	2
6169	0.16074212492756912	2
6170	0.14296640722331053	1
6171	0.12394595544791907	3
6172	0.1125654629775834	2
6173	0.009403059748533301	1
6174	0.06483086940031108	2
6175	0.03766037347999146	1
6176	0.05713697534110315	1
6177	0.15757331966278704	2
6178	0.07374707368781037	3
6179	0.0003059487115873908	2
6180	0.15476074285573002	3
6181	0.11264123916521	3
6182	0.14995051847311525	3
6183	0.11490988104753376	3
6184	0.03966847198764666	1
6185	0.07464322648544854	2
6186	0.020465526619188764	2
6187	0.0034404653088595453	1
6188	3.5291534887562906e-06	0
6189	0.01765717042859605	1
6190	0.18199894313195594	2
6191	0.12605365032186747	2
6192	0.16643010180400014	3
6193	0.044259474002515405	1
6194	0.14374443834926165	3
6195	0.11321996007056682	3
6196	0.061980742953278	1
6197	0.11175064960912108	2
6198	0.1540219242105139	3
6199	0.012160810348051896	2
6200	0.1587603971707738	0
6201	0.00299203980661455	2
6202	0.005919899915158616	1
6203	0.15895540246627982	3
6204	0.1805030569150147	1
6205	0.004808451785148598	2
6206	0.017302396556071912	0
6207	0.0001700287797898144	0
6208	0.1570436583183934	3
6209	0.049561027239866426	2
6210	0.1077487457466733	2
6211	0.04657771947118134	1
6212	0.08396847173503763	2
6213	0.011740673042370737	1
6214	0.05951876126908501	1
6215	0.018278990529646703	1
6216	0.1313673441388701	2
6217	0.004329129292588794	1
6218	0.09071540182845626	2
6219	0.11247495109563264	2
6220	0.147290617357495	2
6221	0.10873579913742587	2
6222	0.06126408213230436	2
6223	0.16490110710561298	3
6224	0.009687018351708553	2
6225	0.13796261213670558	3
6226	0.06365243460450638	3
6227	0.03138192621575389	1
6228	0.1719628108269862	3
6229	0.0020052640000420368	1
6230	0.0015357161650201157	1
6231	0.05705772881583336	2
6232	0.1150613244379405	1
6233	2.53958777825698e-05	2
6234	0.04454509996875363	1
6235	0.00048264810741245444	1
6236	0.133498816635607	2
6237	0.16241087862958153	2
6238	0.0003533260301809392	0
6239	0.11339160809240023	2
6240	0.10203870515829332	3
6241	0.0099792543076524	1
6242	6.040396498974885e-07	1
6243	0.12927102428290094	2
6244	0.06828908850901837	1
6245	0.1208669201014405	3
6246	0.12278547030056651	1
6247	0.135999676281968	3
6248	0.03772239287971329	1
6249	0.17131189878112113	3
6250	0.13599380489812704	3
6251	0.03127142240708913	1
6252	0.016999427699932904	1
6253	0.16858772867958785	3
6254	0.17601497970869287	3
6255	0.010231072012432854	1
6256	0.0033711355707131056	1
6257	0.00013646008280484293	1
6258	0.00047196534298941234	1
6259	0.026648276492118792	3
6260	0.03605795648421863	2
6261	0.04276719611098144	1
6262	0.15793262472923023	3
6263	0.1622030228452436	3
6264	0.1395703325784628	3
6265	0.07395238683837334	2
6266	0.006089858146034435	1
6267	0.18927426124289937	3
6268	0.18511522481048193	3
6269	0.006761021414684443	1
6270	0.1541058971696316	3
6271	0.03180230785127961	2
6272	0.10854612437963963	2
6273	0.0670488331006955	1
6274	0.05938808452227391	1
6275	0.0022041560359679024	1
6276	0.14511601971767368	3
6277	0.00034817832489731065	1
6278	0.01946843896139449	1
6279	0.09486244656594857	2
6280	0.02687991839347759	3
6281	0.1580495512751275	1
6282	0.16778644786176106	3
6283	0.005509777716229991	1
6284	0.1580597282777638	3
6285	0.08160627603333619	2
6286	0.16194216883815626	3
6287	0.12273948783464349	3
6288	0.04851903738016803	2
6289	0.02460770750916253	2
6290	0.03125899329946559	1
6291	0.06893435303673508	2
6292	0.15059050276331307	3
6293	0.10800529715734794	2
6294	0.1379723043847055	1
6295	0.00618908700709084	2
6296	0.009449442456216832	0
6297	0.051873168538300034	1
6298	0.01621521684802826	1
6299	0.08787743576618039	2
6300	0.14551589514724952	3
6301	0.21070803220789994	3
6302	0.07705215247492217	2
6303	0.007228630881306565	1
6304	0.025091649038250525	1
6305	0.1442834064278003	3
6306	0.025412311761361498	1
6307	0.11617031288910219	2
6308	0.1564872722915929	3
6309	0.0066215439858969575	1
6310	0.14013995696476722	3
6311	0.04092470034267271	2
6312	0.13135152733573077	2
6313	0.14796958540816593	3
6314	0.008595323588372667	1
6315	0.03789494396776187	2
6316	0.1098440601920589	1
6317	0.1791236496692296	2
6318	0.03141727968464665	1
6319	0.10423727322700461	1
6320	0.02027334076779342	1
6321	0.01866376795081441	1
6322	0.03772239287971329	2
6323	0.021965571520361146	1
6324	7.139612989940318e-05	1
6325	0.04351098789047861	2
6326	0.002874337455244019	1
6327	0.1330757080501045	2
6328	0.09692025607815101	2
6329	0.10153778883915383	2
6330	0.12918800243155942	3
6331	0.17648320495268546	3
6332	3.537920423976645e-05	3
6333	0.09986495224737629	3
6334	0.07712725222407014	2
6335	0.0885504944152382	3
6336	0.15328412679464976	3
6337	0.06874984969519439	2
6338	0.12801750416830104	2
6339	0.0745827716808608	2
6340	0.14535567936106553	3
6341	0.09358986426080408	2
6342	0.01341420055633538	1
6343	0.09976051655563234	1
6344	0.07158449229962584	2
6345	0.09460783591025869	2
6346	0.06200734908515308	2
6347	0.04746472386337206	3
6348	0.055904939946237985	1
6349	0.16616239647518258	3
6350	0.10850791915842238	2
6351	0.09890672891531975	3
6352	0.13747227570876075	2
6353	0.13935077958894657	3
6354	0.025412311761361498	1
6355	0.11214694509220875	2
6356	0.007991343120626899	1
6357	0.0007749834358045205	2
6358	0.024283494384728956	2
6359	9.207843333908015e-05	1
6360	0.10404589544566077	2
6361	0.10186233243693693	2
6362	0.051165606732505316	1
6363	0.1472899021391106	3
6364	0.12506887294034774	3
6365	0.03507892231670628	2
6366	0.15749374669932775	3
6367	0.04479602176037475	2
6368	0.015697432706103596	1
6369	0.022430836415970715	1
6370	0.0009214651169660027	0
6371	0.16835975882055212	3
6372	0.03616705067024468	2
6373	0.015204594638845843	2
6374	0.11981814333865497	2
6375	0.03113604229988864	1
6376	0.08726389646468789	2
6377	0.18919622821681079	3
6378	0.18507943338445687	3
6379	0.16560865070927216	3
6380	0.058134612787156155	1
6381	0.12984863328630106	3
6382	0.006222491807558296	1
6383	0.07454463137761971	2
6384	0.1565142442043469	3
6385	0.08290953104465203	2
6386	0.12545636822828468	2
6387	0.16197368640881996	3
6388	0.16216649744490047	3
6389	0.11901093876104435	2
6390	0.042873462502048085	2
6391	0.024514182721252362	1
6392	0.18835582534162393	3
6393	0.02654832121686239	1
6394	2.737808691800668e-10	1
6395	0.05124956374808159	2
6396	0.1763433150557719	3
6397	0.04710199415392533	2
6398	0.06668668834018944	2
6399	0.01792324829238799	2
6400	0.06352737565102715	2
6401	0.02024230080689571	2
6402	0.03683777944676131	2
6403	0.0001620349844479866	0
6404	0.08061600027866196	1
6405	0.07045312792610538	3
6406	0.11507274805144266	2
6407	0.03946616266747766	2
6408	0.17483167038571423	3
6409	0.025568214895692363	2
6410	0.19028891019202818	3
6411	0.0005725836193373645	1
6412	0.12747937038843513	1
6413	0.043447028362308064	2
6414	0.023148134274561444	1
6415	0.06254663202761007	2
6416	0.0020325527761987598	1
6417	0.16591130782914482	3
6418	0.0916087608059495	2
6419	0.1803267488494287	3
6420	0.013977373837844233	1
6421	0.015830526621405716	1
6422	2.0353772572973707e-05	1
6423	0.07648159585873507	3
6424	0.09917748908706761	2
6425	0.01782878216101384	2
6426	0.0638802381153402	2
6427	0.04694956891019974	1
6428	0.014329333444716062	2
6429	0.025787409323975215	1
6430	0.027399154088114594	1
6431	0.021174390067540152	1
6432	0.14958896846048778	3
6433	0.12581167248040173	2
6434	0.09140263256905301	2
6435	0.0042956523625575635	1
6436	0.042656604436465004	2
6437	0.03155231657365168	2
6438	0.034182799598585285	1
6439	0.0760643584206247	1
6440	0.03017749588071747	1
6441	0.12680596830717944	3
6442	0.01671807729964941	1
6443	0.14229755538401595	2
6444	0.11809918887537829	3
6445	0.1500407513750228	3
6446	0.12492198215861372	3
6447	0.09036503351808381	2
6448	0.09581595778914437	2
6449	6.146716540205459e-10	0
6450	0.08919688304213048	2
6451	0.00849368375031445	1
6452	0.020251248446898205	1
6453	0.09822244204499624	1
6454	0.00029234920999209724	2
6455	0.18220622649374824	3
6456	0.00407292028709608	1
6457	0.13530484742434323	2
6458	0.030712792265104684	1
6459	0.027056403918283182	2
6460	0.1450514508368475	2
6461	0.025916845724902084	2
6462	0.03789494396776187	3
6463	0.07188807856321507	3
6464	0.02131317212421082	1
6465	0.04684601014020814	2
6466	0.093650513192386	2
6467	0.0434820498103538	1
6468	0.03247083661777751	2
6469	0.045199660652489544	1
6470	0.10083342437503587	2
6471	0.04011181419968461	1
6472	0.15936421172795143	3
6473	0.023906725640307398	2
6474	0.1668040225908785	2
6475	0.00866760045855899	1
6476	0.1382975712755345	3
6477	0.04277511250912352	2
6478	0.1681109448123793	3
6479	0.0002343193082326258	0
6480	0.14577241491653048	2
6481	0.0016553290241903224	1
6482	0.0020893462897748063	1
6483	0.13321138285660666	3
6484	0.15917329350500745	3
6485	0.16340921471095707	3
6486	0.058120543426346	2
6487	0.1384708154748378	3
6488	0.03939180651153421	1
6489	0.07993185836962374	2
6490	0.005084885612042887	1
6491	0.15927407498476712	3
6492	0.056724567829518124	2
6493	0.06875421331172815	2
6494	0.019355518904554895	3
6495	0.0217261104358516	2
6496	0.02460770750916253	1
6497	0.07454463137761971	2
6498	0.039468377880407954	2
6499	0.01809315589529845	1
6500	0.044185585405454336	2
6501	0.021711721678092984	1
6502	0.09644839271916626	2
6503	0.035177177094346194	2
6504	0.06876170501984566	1
6505	0.11815716540795623	3
6506	0.005449612837839364	1
6507	0.1528126766094951	3
6508	0.08147890772931807	2
6509	0.032832959020931925	1
6510	0.026688126998385766	2
6511	0.07047588394725819	2
6512	0.1973037304370645	3
6513	0.03307697932657491	2
6514	0.021624350336988837	1
6515	0.045199660652489544	1
6516	0.1635009626225634	3
6517	0.013048174814799515	1
6518	0.015610068939808536	1
6519	0.1517407896382503	2
6520	0.1626587936618624	2
6521	0.07782799293194934	2
6522	0.048172237111653325	2
6523	0.08104626193797247	2
6524	0.04514496787614984	2
6525	0.02535947731404893	2
6526	0.010084504395842245	1
6527	0.0778323864830671	2
6528	0.02451815450574497	2
6529	0.12396577261396777	2
6530	0.1463010062687852	3
6531	0.0032328471876629595	1
6532	0.16208727665865988	3
6533	0.07241823323563508	2
6534	0.02248583679905882	1
6535	0.13107803597613799	2
6536	0.09473722616369765	2
6537	0.014546947383538492	1
6538	0.02733143080370252	0
6539	0.002028746351974249	1
6540	0.013201398976896025	2
6541	0.09281873054220881	2
6542	0.12560510124104937	2
6543	0.1298553147854694	3
6544	0.0400205172590911	2
6545	0.0034239642765808336	1
6546	0.014518121406082829	1
6547	0.0024181851279497383	2
6548	0.017607503246522715	1
6549	0.17779768625389977	1
6550	0.0016872435847550143	1
6551	0.09443529157194831	2
6552	0.008107257627987276	1
6553	0.1465591421436482	2
6554	0.15614362009593663	3
6555	0.011685370509078715	1
6556	0.03391321872209508	1
6557	0.06332319143062172	1
6558	0.024909084749099076	1
6559	0.02974465299843902	2
6560	0.017827944091264265	1
6561	0.15082000285517927	2
6562	0.043758140185982584	1
6563	0.17207580941182388	3
6564	0.11680517622337284	3
6565	0.14498041407537987	1
6566	0.12471408411804774	3
6567	0.08936271829904102	1
6568	0.008900507506333631	1
6569	0.035524084483328396	1
6570	0.09244272587575357	2
6571	0.13950560106655746	2
6572	0.14032645031971172	3
6573	0.016264735983117302	1
6575	0.18807051388922427	3
6576	0.07696324809017362	2
6577	0.03430467394095605	1
6578	0.05835478863799721	3
6579	0.116453882840762	2
6580	0.10987926680792792	2
6581	0.02491442014817031	1
6582	0.1372421750969391	2
6583	0.030845969058280243	2
6584	0.14415375106605863	3
6585	0.0005151954611063551	0
6586	0.09769862572355642	2
6587	0.053511929892827444	1
6588	0.0009404079450132926	0
6589	0.0363452935936954	1
6590	0.041104952721169305	2
6591	0.0412843325965113	1
6592	0.11572184678547728	3
6593	0.06175844768237881	2
6594	0.04639451532534934	1
6595	0.041351943225212094	1
6596	0.10869082921002915	2
6597	0.13566534207952485	3
6598	0.000503364502990517	1
6599	0.09683711223639566	3
6600	0.10301158973737393	3
6601	0.10771786417097959	2
6602	0.03463548713060364	1
6603	0.026008340734152962	1
6604	0.005447451909874577	2
6605	0.002618423709308962	1
6606	0.033554993950183215	2
6607	0.043234262418585905	2
6608	0.025319542756866174	2
6609	0.034694189834930396	2
6610	0.006969928084153972	1
6611	0.012059690348306354	1
6612	0.0029004239892421613	1
6613	0.012380505526723954	1
6614	0.0003232109322907345	1
6615	0.07355331720597835	3
6616	0.0002583996749693835	0
6617	0.11057376695848617	2
6618	0.022134154987122845	2
6619	0.13359203749194956	3
6620	0.01042871846333	1
6621	0.02356531442448096	1
6622	0.01471966745104209	1
6623	0.1519575323091638	2
6624	0.041150827861541506	1
6625	0.0436868886123733	2
6626	0.044103110228921966	2
6627	0.10651898650974205	2
6628	0.004348875208492296	1
6629	0.021775244457459434	1
6630	0.0010916455404435072	1
6631	0.09381632635310447	2
6632	0.035243239654659336	2
6633	0.16500551155212698	3
6634	0.024587932532325198	1
6635	0.060304316110780576	2
6636	0.16035284051580448	3
6637	0.16260044145723884	3
6638	0.06300878902483475	2
6639	0.07288928963910254	2
6640	0.02456610868380516	1
6641	0.015585751890666367	1
6642	0.029889717991163554	1
6643	0.1364794278861562	2
6644	0.044891112512817834	1
6645	0.14629300278124147	3
6646	0.11426187594588752	3
6647	0.009268522591539749	1
6648	0.063018774199513	2
6649	0.0004989403433177663	1
6650	0.02616516858071376	1
6651	0.15118900602886207	3
6652	0.14472983310718587	1
6653	0.08643392270167635	1
6654	0.14421428085403692	1
6655	0.12896701555816661	3
6656	0.023011618890373425	0
6657	0.16957754230808064	3
6658	0.04808763238140964	2
6659	0.09766792743999365	2
6660	0.1776180221248287	1
6661	0.14218443797366861	3
6662	0.09847180843723384	2
6663	0.058471740937443846	2
6664	0.07802972660311808	2
6665	0.0834212519723756	2
6666	0.08339393021468483	2
6667	0.022317667063835277	1
6668	0.009341648538656218	1
6669	0.06455960522786512	3
6670	0.0004571064538825557	1
6671	0.008033003961128405	1
6672	0.1433193339728283	3
6673	0.0036272776919246074	0
6674	0.003169425214664567	0
6675	0.060389683214345215	2
6676	0.111209640988088	2
6677	0.16151504310934708	3
6678	0.07125218465865511	2
6679	0.12821142875172192	2
6680	0.14995488232760798	3
6681	0.09631743845812751	2
6682	0.15844025098599754	3
6683	0.12563971916691719	1
6684	0.04654898341039433	1
6685	0.03551259319075272	2
6686	0.033505205636908134	3
6687	0.12286750833170075	2
6688	0.006089858146034435	1
6689	0.006325192223694862	1
6690	0.0736210083353416	3
6691	0.03918338900355786	1
6692	0.08887260554287528	2
6693	0.0934775616102463	2
6694	0.13905591028731154	3
6695	0.042890737518195506	1
6696	0.1469393755618625	3
6697	0.08188608480994157	2
6698	0.04430368321683061	2
6699	0.1217379695996298	3
6700	0.09561112990293011	2
6701	0.16590300301169184	3
6702	7.018210106753745e-05	1
6703	0.017645325056283453	1
6704	0.09122986359529285	2
6705	0.14961825954086294	3
6706	0.12810603930040174	2
6707	0.1389574080012814	3
6708	0.00011251541059898015	1
6709	0.14252634244735865	2
6710	2.68991769135177e-06	2
6711	0.054686271110130046	2
6712	0.12780107136282687	3
6713	0.05159238930501173	2
6714	0.09286832180579253	2
6715	2.13421494013086e-08	2
6716	0.1714702792955038	3
6717	0.12573224411565462	2
6718	0.039631174087940806	1
6719	0.007060830646135152	1
6720	0.001905784045501203	1
6721	0.10726897831747477	2
6722	0.013853994213618822	1
6723	0.05143106025797394	1
6724	0.059059847158856135	1
6725	0.011200798173639663	1
6726	0.09287764562319797	3
6727	0.15778568282136993	3
6728	0.06036995200115856	2
6729	0.0473580967428627	1
6730	0.1063733494373907	2
6731	0.0002734224755436037	1
6732	0.12849875159430288	2
6733	0.19776274761326285	3
6734	0.0011652606089945195	0
6735	0.1328303523344831	3
6736	0.0647861577745956	2
6737	0.02555079545875252	1
6738	0.04013513705062337	1
6739	0.11020690779453801	1
6740	0.13086153500937475	3
6741	0.17845390337178932	3
6742	0.12686861233138597	2
6743	0.03110021486988249	1
6744	0.14243590764476755	2
6745	0.07951775219745252	2
6746	0.0017299924547490638	1
6747	0.07964251975602878	2
6748	0.16546352456651314	3
6749	0.0745827716808608	2
6750	0.0011828730479461539	1
6751	0.17847873586805463	3
6752	0.09968142758698728	2
6753	0.013087445213839234	1
6754	0.019593004996571677	1
6755	0.05818290063079186	3
6756	0.06354147584575974	1
6757	0.13232707090701804	2
6758	0.1127992650284086	3
6759	0.0067735779565325374	1
6760	0.11315220806333132	3
6761	0.07145316010565807	1
6762	0.1719197121288466	3
6763	0.08657999305143785	2
6764	0.12073899386534379	3
6765	0.1175564914754338	3
6766	0.01076829575051385	1
6767	0.1250380245822188	2
6768	0.00960984396118832	1
6769	0.08851548810316236	1
6770	0.1664239378415951	2
6771	0.14037579861813737	2
6772	0.129391072133893	1
6773	0.055948203475099954	1
6774	0.03015023090372909	1
6775	0.07949956449883253	2
6776	0.010003746507502628	1
6777	0.04310035440854498	1
6778	0.042797877094863435	1
6779	0.14868024735676108	3
6780	0.1484391166576469	3
6781	0.18209203048016184	2
6782	0.02380072941411571	0
6783	0.0919842769857017	2
6784	0.024232241803237797	1
6785	0.009828470263705844	1
6786	0.17703109462062327	1
6787	0.05522723733135605	2
6788	0.03293129231657614	1
6789	0.12580170424520842	3
6790	0.058206841200439646	2
6791	0.11871371082922409	2
6792	0.0983480071335366	2
6793	0.007001978109319006	1
6794	0.03307891597621055	3
6795	0.025137359942513544	1
6796	0.001607154615073303	1
6797	0.024194398630693625	2
6798	0.14050690175151154	3
6799	0.008064238864541823	3
6800	0.12940324876503292	3
6801	0.006222491807558296	1
6802	0.08897910168756117	2
6803	0.05141422565118767	2
6804	0.12622702463651886	3
6805	0.16468630749001048	3
6806	0.09056602915942392	2
6807	0.05588032015121696	1
6808	0.13824899461419324	1
6809	0.1258521733270902	3
6810	0.11994799662646288	3
6811	0.17212914581450922	3
6812	0.02250628792862308	1
6813	0.0434392473969711	1
6814	0.04561421384671994	2
6815	0.16196638749282796	2
6816	0.15075703645474942	3
6817	0.04206410149174339	1
6818	0.13330675556740612	3
6819	0.010032309873089477	1
6820	0.022417436730159675	1
6821	0.0014857332542258632	1
6822	0.15547078560163746	3
6823	0.018597005250268455	1
6824	0.0069210167793774344	1
6825	0.14019811703652282	3
6826	0.0955199437881866	2
6827	0.04231846442767254	2
6828	0.020995687255315854	1
6829	0.024604793502110287	1
6830	0.09661721536118408	2
6831	0.13469888467595678	3
6832	0.04951147981465705	2
6833	0.04112390122481534	1
6834	0.020551456191051913	1
6835	0.0036824818070049403	1
6836	0.12438604277517622	2
6837	0.08627598579535613	1
6838	0.14628588787439603	2
6839	0.05707582032623374	1
6840	0.14010428744731848	2
6841	0.01157773918462252	1
6842	0.025018203061033858	1
6843	0.09683707978447945	1
6844	0.11555367101869311	1
6845	0.16096927211477086	3
6846	0.02454712379213139	1
6847	0.06780465571542567	1
6848	0.09017217837501831	2
6849	0.1794102149237781	3
6850	0.05007146159237727	2
6851	0.08611720316951431	2
6852	0.1319183204127975	3
6853	0.1165389731281093	3
6854	0.12420419882934408	2
6855	0.0318342420568023	2
6856	0.029319796127528275	1
6857	0.13785208966009838	2
6858	0.07140650765985437	3
6859	0.04952730909176692	2
6860	0.13006693189646265	2
6861	0.02673704477867798	1
6862	0.014962984223239367	2
6863	0.15596399033765806	3
6864	1.7490110146875084e-05	0
6865	0.01762038914052763	2
6866	0.11520205371076542	2
6867	0.03558733568246118	2
6868	0.09833068661797102	2
6869	0.1082548399855887	1
6870	0.07223560347480255	2
6871	0.12918800243155942	2
6872	0.19177169308577452	3
6873	0.08548058793950648	2
6874	0.024084247778938743	2
6875	0.01693064397946124	1
6876	0.08009932607639776	2
6877	0.1223284800815788	2
6878	0.07461188973393405	2
6879	0.09288934175175882	3
6880	0.14660915199438163	2
6881	0.08843245703634385	2
6882	0.04200380717982975	2
6883	0.025945473796179706	1
6884	0.06437567313546393	2
6885	0.002834477497793398	1
6886	0.14799559700248432	2
6887	0.006563522347585312	1
6888	0.17713153727372252	2
6889	0.08793245330435749	2
6890	0.03150568164146323	2
6891	0.03599180983997746	1
6892	0.03874860850293116	1
6893	0.04349075369408993	2
6894	0.12062758865088029	2
6895	0.09721233286460361	2
6896	0.07498580915653079	3
6897	0.12009234846554499	2
6898	0.11965283525915803	3
6899	0.13509959794344492	3
6900	0.06292658951662174	2
6901	0.05761975548209398	2
6902	0.021442918736506254	1
6903	0.18721642952114437	2
6904	0.18330813256187706	3
6905	0.014210037975851731	1
6907	0.0018321838946509922	1
6908	0.10580715023282969	2
6909	0.0142303467356041	1
6910	0.11862616797873304	2
6911	0.05864132236135817	1
6912	0.1395591525621376	2
6913	0.08898411695825324	2
6914	0.006767890018446362	1
6915	0.1553168189706236	3
6916	0.01400526386059787	1
6917	0.11413362579898566	3
6918	0.040350393014416744	1
6919	0.14941435823626922	3
6920	0.15133355571695137	2
6921	0.1533267711111241	3
6922	0.024085814751508818	1
6923	0.0947127252064589	3
6924	0.12242818586491136	2
6925	0.023580997038234755	1
6926	0.21227303648529178	3
6927	0.05435383620851525	1
6928	0.013099863404561589	0
6929	0.08573307992802673	2
6930	0.18958506509855477	2
6931	0.16197801873341366	3
6932	0.08507515372026138	2
6933	0.1022516339895083	3
6934	0.02971633049562325	1
6935	0.05251096687175871	2
6936	0.088659868510425	2
6937	0.10201064501016852	2
6938	0.07065533420693358	2
6939	0.07031400100142987	2
6940	0.13176335547435594	3
6941	0.12542702090980548	2
6942	0.058768268886553676	2
6943	0.07935717026349703	1
6944	0.16512785182113723	3
6945	0.10294313280282481	2
6946	0.10048177891408741	3
6947	0.023257422089396074	1
6948	5.883550713571682e-05	1
6949	0.12300305741678912	3
6950	0.03619945582598593	1
6951	4.926742773553886e-05	0
6952	0.03572419417900554	1
6953	0.04129632999748566	1
6954	4.563014486334447e-10	1
6955	0.05876516024207892	2
6956	0.0009980205173158035	2
6957	0.12674815168374665	3
6958	0.09058859975406536	3
6959	0.0965105197078931	2
6960	0.06591274851788316	2
6961	0.15200123108854438	3
6962	0.005145053388496814	1
6963	0.06215590575475055	2
6964	0.055595200343624446	2
6965	0.15157484529070236	3
6966	0.011625617984435822	1
6967	0.15730582555228592	3
6968	0.1546387876209772	3
6969	0.12753825053597223	2
6970	0.10154582285311173	2
6971	0.08520456188643291	2
6972	0.10725763097657535	2
6973	0.01780899263438089	1
6974	0.14591295202892612	1
6975	0.05840896928528282	2
6976	0.010280411493534765	1
6977	0.004734678155216804	1
6978	0.0005778648192357092	1
6979	0.15619175010247716	3
6980	0.01049126699774684	1
6981	0.1283728126086741	2
6982	0.12766311402124741	3
6983	0.013283314656704986	1
6984	0.13178294833853238	1
6985	0.029501819192518423	1
6986	0.07978262725140609	3
6987	6.044905711272971e-06	1
6988	0.14236929884178892	2
6989	0.15466599452820573	3
6990	0.04050927120384244	1
6991	0.07241077646162904	1
6992	0.03899406265772774	2
6993	0.009597238960869002	1
6994	0.035723975136945085	1
6995	0.07117094926533828	1
6996	0.10946937230326247	2
6997	0.055909992745281696	2
6998	0.002131883504885938	1
6999	0.01185527877244754	1
7000	0.07417214646866048	2
7001	0.08925868132515999	2
7002	0.07925039004697938	2
7003	0.17403318069888016	3
7004	0.051020123503282146	2
7005	0.0028668874400131724	1
7006	0.01997768811234589	1
7007	0.11177897566897257	2
7008	0.0733421275436434	1
7009	0.003147722176990753	1
7010	0.034732895527315025	1
7011	0.011685370509078715	1
7012	0.007389052703803464	1
7013	0.02988595746955817	1
7014	0.055782081388350925	1
7015	0.03463548713060364	2
7016	0.01771250183169167	1
7017	0.10947926900156643	2
7018	0.0646275087288008	2
7019	0.06426950243656826	2
7020	0.17016323470521638	3
7021	0.09542775661397745	3
7022	0.12334611472896788	2
7023	0.05779885417585833	1
7024	1.621996712789886e-06	0
7025	0.08991243454248335	2
7026	0.12726520601341867	3
7027	0.13066978910405344	3
7028	0.11357836327177151	3
7029	0.18590389451333447	2
7030	0.04053084562059343	1
7031	0.08805677887619985	1
7032	0.12417505005424913	2
7033	0.16348167828329518	3
7034	0.15053589868904532	3
7035	0.05835478863799721	2
7036	0.18653659102170697	3
7037	8.698508868472064e-05	1
7038	0.023969337998469786	2
7039	0.03016702163442294	1
7040	0.21590787277803383	3
7041	0.1365923789660422	2
7042	0.04011021346679878	2
7043	0.10010718375930382	2
7044	0.00998089536202674	1
7045	0.005786783427815205	1
7046	7.692573022810748e-07	1
7047	0.10042122240478348	2
7048	0.0007585953120986782	1
7049	0.0946875792450137	2
7050	0.09648006385400999	3
7051	0.006475401392380461	1
7052	0.06316964121716155	1
7053	0.16154354801336723	3
7054	0.16763398240409896	3
7055	0.03335241604025733	1
7056	0.09373896184944301	3
7057	0.1303109989664912	2
7058	0.019848311818710853	1
7059	0.10821920948907243	3
7060	0.033425177888998986	1
7061	0.05537127168342514	2
7062	0.02356531442448096	1
7063	0.10289094223561063	2
7064	0.05845166211740929	1
7065	0.13074085594935095	3
7066	0.12417738130120629	2
7067	0.02781207209846929	1
7068	0.046309583186044216	2
7069	0.1334399071079446	2
7070	0.05497908771916262	1
7071	0.016549523326539764	1
7072	0.09251655452144301	2
7073	0.12669269277258216	2
7074	0.03599180983997746	1
7075	0.1350167846724551	3
7076	0.0888348365070776	2
7077	0.0005175099707389104	2
7078	0.03588856754288012	1
7079	0.10170480867217871	3
7080	0.15228098618325117	2
7081	0.04665753911121384	2
7082	0.16472003711803662	3
7083	0.05860503791972255	1
7084	0.02380072941411571	1
7085	0.1451480796341678	3
7086	0.035839891191303444	1
7087	0.023121406857556745	3
7088	0.08347596678942759	2
7089	0.12603188783053743	1
7090	0.013138892349703783	1
7091	0.0013123191777056737	1
7092	0.012434626130882368	1
7093	0.05985171900911233	1
7094	0.021540521285033386	1
7095	0.052879175509241504	2
7096	0.10987506330765405	2
7097	0.019879656353483145	2
7098	0.0005725836193373645	2
7099	0.15214065170521074	2
7100	0.008952926573729095	1
7101	0.027104138885414075	1
7102	0.041866762858308246	1
7103	0.1258770886464638	2
7104	0.04112390122481534	1
7105	0.0353168461948205	1
7106	0.0637725589372782	2
7107	0.13344004228138182	3
7108	0.038352466975086194	1
7109	0.14281200093630028	1
7110	0.07002157015568014	2
7111	0.10816171709476714	3
7112	7.0192519970967e-07	1
7113	0.1082381393994212	2
7114	0.005472164280719704	1
7115	0.13757197534946225	3
7116	0.06371639239983261	3
7117	0.02974465299843902	1
7118	0.02113143117097336	1
7119	5.627882443763086e-06	1
7120	0.073108875380133	3
7121	0.011577375391212829	2
7122	0.08407642872480078	2
7123	7.0192519970967e-07	1
7124	0.12569298842312968	3
7125	0.16174021553098464	3
7126	0.08459486528919472	3
7127	0.03622515036122197	2
7128	0.1694961398424191	2
7129	0.18368189977810515	3
7130	0.1229061380002585	3
7131	0.12651300211743877	3
7132	0.01400526386059787	1
7133	0.1009954032038845	2
7134	0.039836713846073346	1
7135	0.02293581161847541	1
7136	0.09402156300409135	2
7137	0.04806114980457532	0
7138	0.028366550091072647	1
7139	0.18496185484619002	3
7140	0.07123388484897313	2
7141	0.005413895853971598	1
7142	0.06507618025049758	2
7143	0.002070407124435593	2
7144	0.18370145639768337	3
7145	0.01586057927636622	1
7146	0.11728898177381407	2
7147	0.1449632872075352	3
7148	0.08730952530218075	1
7149	0.14698375504629477	3
7150	0.0022041560359679024	1
7151	0.165439260694003	3
7152	0.07093729725666793	1
7153	0.15365047850434055	3
7154	0.10728990059542147	3
7155	0.12153690711192966	3
7156	0.00757301982239095	1
7157	0.06282153726460092	2
7158	0.044891112512817834	2
7159	0.12973077173792502	3
7160	0.11779932719119837	1
7161	0.00016625540377928537	3
7162	0.10254107539724906	2
7163	0.026021520988813943	2
7164	0.14140876726091184	2
7165	0.1139183999271197	3
7166	0.09081114554141188	2
7167	0.15731973064738947	3
7168	0.0412729161183792	1
7169	0.10635923012598102	2
7170	0.030712792265104684	1
7171	0.09265938142486854	2
7172	0.04538245251276785	2
7173	0.14955537215394699	3
7174	0.12907714529515826	3
7175	0.028721561473085615	2
7176	0.047658107118773406	1
7177	0.09399222943488851	2
7178	0.04915640902270554	1
7179	0.07485116783651226	1
7180	0.013835453185578264	1
7181	0.17307596905904185	3
7182	0.10450914183444168	1
7183	0.19497586791005564	3
7184	0.1400748478409433	2
7185	0.14204601239230155	3
7186	0.15520855126482092	2
7187	0.1576608196760695	3
7188	0.13984308840532914	3
7189	0.02801405575105503	1
7190	0.16483472337655983	1
7191	0.032207251559225894	1
7192	0.001607154615073303	0
7193	0.04389621012783615	1
7194	0.029269341048308126	1
7195	0.0041876529110773	1
7196	0.05699535835725265	2
7197	0.16302570316821857	3
7198	0.06994569692207865	2
7199	0.010346823402207906	1
7200	0.1077260866771154	2
7201	0.002876462258829695	1
7202	0.16775483059211446	2
7203	0.0015624342896551203	1
7204	0.1482431276676855	3
7205	0.01860434987095084	1
7206	0.052916683069886665	1
7207	0.03989857870259963	1
7208	0.013138892349703783	1
7209	0.18003062221166435	3
7210	0.08303255155583897	2
7211	0.05107675282606182	3
7212	0.14850691346489947	3
7213	0.08185769248996355	1
7214	0.06972467071984774	2
7215	0.14838397619015506	2
7216	0.08880336737327281	2
7217	0.150830456154339	3
7218	0.15943412865680628	3
7219	0.09367711226676788	2
7220	0.007805046658576619	1
7221	0.03482573654329563	1
7222	0.0918478956728936	3
7223	6.794181525017772e-10	1
7224	0.12067373476572199	3
7225	0.03684679227330952	1
7226	0.048003014013684994	2
7227	0.030427254170024134	1
7228	0.0874087246589197	2
7229	0.16077084682108245	3
7230	0.020556740460659976	1
7231	0.14147741724719623	3
7232	6.510490485010744e-05	1
7233	0.010122791461273855	1
7234	0.026993499408281642	1
7235	0.054434404459319984	2
7236	0.0013167669187661966	1
7237	0.04206410149174339	1
7238	0.045120338943989736	1
7239	0.062265909186453666	2
7240	0.18193302266964576	1
7241	0.03669303915007536	2
7242	0.10226687273353188	2
7243	0.11572084309322123	2
7244	0.14372918725274453	3
7245	0.0607262542238748	2
7246	0.09272027466823517	3
7247	0.04730127565138732	1
7248	0.13588477245846073	3
7249	0.10396619193929929	2
7250	0.0991104997084992	2
7251	0.024587932532325198	1
7253	0.07924593311495724	1
7254	1.0171073634776625e-06	1
7255	0.09733889021877039	2
7256	0.1782251635753341	3
7257	0.0041542961744146815	1
7258	0.02810872241719131	1
7259	0.08913871432519936	1
7260	0.020731707218633322	2
7261	0.0907492187154642	2
7262	2.2332174269498893e-07	1
7263	0.09070373721031935	2
7264	0.07311874716990165	1
7265	0.14320686488730916	3
7266	0.08527336856352327	2
7267	0.011688620553701953	2
7268	0.07003989527794197	1
7269	0.06445567983309035	2
7270	0.006703588509565405	1
7271	0.16591990147623484	3
7272	0.14399779598367207	3
7273	0.06615150728280955	2
7274	0.011625693975319047	0
7275	0.10768662209956516	3
7276	0.15074558002620297	2
7277	0.06598754176030985	2
7278	0.1865785451817677	2
7279	0.016736268633655446	1
7280	0.16010063155953552	3
7281	0.05707830566156841	2
7282	0.00010818407227111328	1
7283	0.0029595119956895796	1
7284	0.149365227437327	3
7285	0.10261928650092597	3
7286	0.023808385415023715	1
7287	0.16982942485591124	2
7288	0.008001116704980464	1
7289	0.07013378867437495	2
7290	0.06160027532994709	1
7291	0.1349038790100181	2
7292	0.11518466079077466	2
7293	0.006782006386362442	2
7294	0.07902198910223282	2
7295	0.12386653039306482	3
7296	0.0787721179884182	2
7297	0.02962458521908682	1
7298	0.09064686646175453	2
7299	0.007133258898205969	1
7300	0.1198841450680568	2
7301	0.15698854129715537	3
7302	0.05549729656999056	3
7303	0.09958377934442038	2
7304	0.0026732864714919167	0
7305	2.08656919805903e-09	0
7306	0.039561356410993814	1
7307	0.18226073191355252	3
7308	0.025412311761361498	2
7309	0.16346471004818203	3
7310	0.06670409760251274	2
7311	0.016304652429664068	1
7312	0.047179330606789735	2
7313	0.12431761236061308	2
7314	0.1318339945115948	2
7315	0.17845447261323424	3
7316	0.1667054395128219	1
7317	0.1290070337292282	2
7318	0.05981238977001308	1
7319	0.137584054194105	3
7320	0.11444388926356502	2
7321	0.11677086373942076	2
7322	0.0006296173178735765	1
7323	0.022232169296769983	1
7324	0.011577375391212829	1
7325	0.012353243432380224	1
7326	0.07466340321360403	2
7327	0.13348407878745838	2
7328	0.037899702982135776	1
7329	0.001334808518249511	1
7330	0.10240694349163043	2
7331	0.017243657604978008	0
7332	0.041892589521897367	3
7333	0.03904051875028839	2
7334	0.12524278858407212	1
7335	0.15577486593543938	3
7336	0.08669947153407281	3
7337	0.04570981290548272	2
7338	0.03194464625064884	1
7339	0.12338888087625215	2
7340	0.029891834031874506	2
7341	0.012360056918504248	1
7342	3.306200036115328e-06	1
7343	0.007923047694935393	1
7344	0.15581991497210518	3
7345	0.010905083832352388	1
7346	0.05735725182746813	1
7347	0.02996109136259412	1
7348	1.276326680645435e-06	0
7349	0.03479441699625969	1
7350	0.04733225206470764	1
7351	0.10054738995390339	1
7352	0.13492027375561635	2
7353	0.17194672809558384	2
7354	0.0941910982712189	3
7355	0.20287553991126148	3
7356	0.029392127181499413	2
7357	0.021212442516761177	1
7358	0.013541363591980826	1
7359	0.0005730164981686826	0
7360	0.14155192185232005	2
7361	0.08657568983425881	3
7362	0.06604768909726695	2
7363	0.022161598910122024	1
7364	0.11771728587886175	3
7365	0.03312828778432182	2
7366	0.13983086033424744	3
7367	0.028213014273504828	1
7368	0.015844358628715353	1
7369	0.030712792265104684	1
7370	0.10561973669169009	2
7371	0.13923816879108597	3
7372	0.1816743914685415	3
7373	0.12510489530807598	3
7374	0.03378000345130387	1
7375	0.1452564199462138	2
7376	0.051020123503282146	2
7377	0.10433462834242223	2
7378	0.10574999412374851	2
7379	0.016998578154734406	2
7380	0.12233060027006253	2
7381	0.15939057840055315	3
7382	0.14380086556330962	2
7383	0.0005691726465527102	1
7384	0.13073005978975746	1
7385	0.00965204246087045	1
7386	0.015142207891417186	1
7387	0.1509746556318957	3
7388	0.11223133194055265	2
7389	0.1801455448344873	3
7390	0.0022621942846674423	1
7391	0.11175064960912108	3
7392	0.1115474959507267	3
7393	0.0778749994216086	2
7394	0.020465526619188764	1
7395	0.034224717419502844	1
7396	0.09833993665424287	3
7397	0.03558836764448001	2
7398	0.004929421848521782	1
7399	0.02347427414453858	1
7400	0.028581885503913274	1
7401	0.0924696989943795	3
7402	0.09089381570015985	2
7403	0.1112374673308748	2
7404	0.06633337819182965	2
7405	0.1583675706768752	3
7406	0.02844187499292153	1
7407	0.14400165461102765	3
7408	0.16488262230479409	1
7409	0.1592647373826369	2
7410	0.1382692757357348	3
7411	0.032708125217272524	1
7412	0.02443234587501675	2
7413	0.11139742843680049	3
7414	0.006964933941946853	1
7415	0.13088836701853607	3
7416	0.052629804714191486	2
7417	0.15946177528698288	3
7418	0.10341188945045665	2
7419	0.14190903618235468	3
7420	0.11743036364095039	3
7421	0.0013368591297962154	1
7422	0.01169653759160476	0
7423	0.0016351156135255723	2
7424	0.175427805705683	3
7425	0.004273144614886316	1
7426	0.034056970563665884	1
7427	0.05192851385035024	2
7428	0.21800926976224982	3
7429	0.1480575327238948	3
7430	0.00111277917965376	1
7431	0.023055032079892165	2
7432	0.0002516822514952585	1
7433	0.09844202113704775	2
7434	0.0015594307399615247	1
7435	0.15571410752436615	3
7436	0.08109921212657029	2
7437	0.14985738912331162	2
7438	0.0018062761858009466	1
7439	0.061263986366699524	2
7440	0.03796047986184625	2
7441	0.00018904420172995764	1
7442	0.020311712713122675	1
7443	0.07606828068594787	3
7444	0.11107405487166853	3
7445	0.005360628816853507	1
7447	0.04849448859370898	1
7448	0.08962985530400455	2
7449	0.11141079307674948	3
7450	0.06967752364826524	2
7451	8.755681032813645e-05	1
7452	0.06555534909777506	2
7453	0.1597841908826468	3
7454	0.09022563662460487	1
7455	0.11714616478571739	3
7456	0.13618343041366637	3
7457	0.011031804700654475	0
7458	0.02408960063846924	2
7459	0.02563434780889513	1
7460	0.006250164556244613	1
7461	0.12772880431843592	2
7462	0.05134407706858287	2
7463	0.0340665025852707	2
7464	0.12880649328540753	2
7465	0.018838149436823385	2
7466	0.0029595119956895796	1
7467	0.15894691364803742	3
7468	0.12669269277258216	1
7469	0.13366586550379583	2
7470	0.1441001757009799	2
7471	0.0024688193361570715	1
7472	0.024217763086807717	2
7473	0.10225572664575024	3
7474	0.09216567694191131	2
7475	0.11476507699564001	2
7476	0.1523442479852746	2
7477	0.006024752970846304	1
7478	0.161226696694125	3
7479	0.022215251462800564	1
7480	0.17472391547363803	3
7481	0.036541662496577	1
7482	0.072987456385867	2
7483	0.02005221120465082	2
7484	0.02181723635262931	1
7485	0.051664998541076944	1
7486	0.01696152737970417	1
7487	0.14782155194764202	3
7488	0.029642295500388733	1
7489	0.013134829927850296	1
7490	0.05998027473887008	2
7491	0.15175493276027946	3
7492	0.15200470623902793	2
7493	0.1688385656982149	3
7494	0.04687093196249241	2
7495	0.0893927702774765	2
7496	0.004251085212048779	1
7497	0.0002104622899689709	1
7498	0.08491834062890437	2
7499	0.007992789570040341	1
7500	0.040630512500697685	1
7501	0.11625383156469024	2
7502	0.16485854776573555	3
7503	0.15272188214348803	3
7504	0.16567401014552421	3
7505	0.13832562380939137	3
7506	0.06622646052112444	1
7507	0.08399545860592922	1
7508	0.00757301982239095	1
7509	0.03143528072473911	1
7510	0.05389904041816421	2
7511	0.021348679581505187	1
7512	0.0934935011306956	2
7513	0.010343857710534601	3
7514	0.17013376323145082	3
7515	0.1656625689071598	2
7516	0.12389335175495217	3
7517	0.0020676331218165028	1
7518	0.027152804866900457	1
7519	0.09239870471339186	2
7520	0.003460035886755843	1
7521	0.11142932332413916	3
7522	0.0973084526742692	2
7523	0.10582528719505813	2
7524	0.0002646763918095387	2
7525	0.029392127181499413	2
7526	0.12298092310279146	3
7527	1.9537714718743297e-08	2
7528	0.14811883582300164	3
7529	0.038875184234752905	1
7530	0.16100471428921334	2
7531	0.05216203747141007	1
7532	0.04807972471925978	1
7533	0.10030010395652339	2
7534	0.19453661237788455	3
7535	0.02745930773326977	1
7536	0.01707635514500365	1
7537	0.05802142848449156	1
7538	0.08140914030748046	2
7539	0.156362955978737	3
7540	0.03866900515186871	2
7541	0.05454860671084562	2
7542	0.15130416284586873	3
7543	0.1836987726541555	3
7544	0.12390947306457092	1
7545	0.16555797795355318	3
7546	0.14042987413229308	3
7547	0.14766170421534153	3
7548	0.17497675710112048	3
7549	0.10225572664575024	1
7550	0.012388827192259741	1
7551	0.08234781598170984	2
7552	0.013977373837844233	1
7553	0.0754909736055706	2
7554	0.1409430751677503	3
7555	0.005082677577735621	1
7556	0.04851022765240802	2
7557	0.030973362234166038	1
7558	0.015466303704718408	2
7559	4.926742773553886e-05	1
7560	0.06537142778954913	2
7561	0.125353860481687	3
7562	0.03789467214729621	2
7563	0.14319010310398686	3
7564	0.03991957679482821	2
7565	0.012115456721948543	1
7566	0.019836702888967404	1
7567	0.08033381707433934	2
7568	0.10492100237135557	2
7569	0.031058979337046294	2
7570	0.09392942963553548	2
7571	0.15223095062009298	3
7572	0.12775446308128463	2
7573	0.024909084749099076	1
7574	0.13149532269142453	3
7575	0.09790440548146573	3
7576	0.06944491396003855	2
7577	0.016999427699932904	3
7578	0.15350113500274223	3
7579	0.1442394240668064	2
7580	0.03220445316013814	2
7581	0.005384643435091697	1
7582	0.0623752739044126	2
7583	0.14128942904348937	3
7584	0.09884997061752658	2
7585	0.027056403918283182	1
7586	0.039662556509408996	2
7587	0.020377188413566553	1
7588	0.1406749724616259	2
7589	0.012380505526723954	1
7590	0.15433023340610655	3
7591	0.1639256147475833	3
7592	0.05782288781248244	1
7593	0.007202606262108493	1
7594	0.02227589051058303	1
7595	0.05364992228622379	2
7596	0.11941347367700168	2
7597	0.0020063172369638917	1
7598	0.1063730173362284	2
7599	0.12109368541070024	3
7600	0.12232503367913435	2
7601	0.10338371108568613	2
7602	0.07177575593663921	2
7603	0.04396598068125188	1
7604	0.10270427434008023	2
7605	0.14973378531557813	3
7606	0.14241529377404458	3
7607	0.10003041966577504	2
7608	0.1062985362922311	1
7609	0.1314855055488353	2
7610	0.06618633250439296	2
7611	0.07293604350044894	1
7612	0.023462353096633883	1
7613	0.19095899169342992	3
7614	0.13425080615955878	2
7615	0.07778650153306754	1
7616	0.18183216488831547	3
7617	0.022546857393609787	1
7618	0.031042703790462946	1
7619	0.15455931988235638	1
7620	0.11199097931394332	3
7621	7.822266611965179e-05	1
7622	0.13950658116579132	2
7623	0.12926424423086724	3
7624	0.14823238902230465	3
7625	0.12408835400989361	3
7626	0.06592913406173971	2
7627	0.08186585889385044	1
7628	0.1371878281006404	2
7629	6.565305202992849e-05	1
7630	0.05761126371877984	2
7631	0.0707618765088269	1
7632	0.08749654438428223	2
7633	0.00019588958555687077	3
7634	0.049800351779880736	1
7635	0.1005937171878811	3
7636	0.008560201116283755	1
7637	0.11158846423178452	2
7638	0.0825868880132391	2
7639	0.036681729760872195	2
7640	0.06352180225132847	2
7641	0.12235442905056462	3
7642	0.15566314055089212	2
7643	0.0797788868669152	2
7644	0.01149607863571874	1
7645	0.061201514337217544	2
7646	0.0021760718808053843	1
7647	0.05449319987892045	2
7648	0.0027060936697660444	0
7649	0.06394659232356836	2
7650	0.05897932668779952	1
7651	0.0052986458126853065	1
7652	0.08529464952903751	2
7653	0.10666943950322763	2
7654	0.07440212646038973	1
7655	0.0236022943006373	1
7656	0.014350120762100571	1
7657	0.13444038940950453	3
7658	0.08663093094403425	2
7659	0.09078434569882236	2
7660	0.08715240182738433	2
7661	0.06749948657941088	2
7662	0.11932223685674027	2
7663	0.1317287113032103	3
7664	0.12264777940507436	2
7665	0.054852339754992714	2
7666	0.11193507985212062	2
7667	0.06548368877116126	2
7668	0.11741465045196615	1
7669	0.13266158486208038	3
7670	0.013878506354608551	0
7671	2.6422543169700478e-08	0
7672	0.14225896840984986	3
7673	0.0010872126889206095	3
7674	0.12484492543650734	2
7675	0.05014099893787054	2
7676	0.12131960835064147	2
7677	0.17805069775988205	3
7678	0.014325713054943984	1
7679	0.10609090223237277	1
7680	0.12313373757484575	3
7681	0.13726391655495607	3
7682	0.09534277810540807	1
7683	0.06985594335458518	2
7684	0.12787766621001745	3
7685	0.10289239417026683	3
7686	0.10126714784491765	1
7687	0.14905860092600823	3
7688	0.1641591844512636	3
7689	0.13586430994240295	3
7690	0.06426950243656826	2
7691	0.05207782349377881	2
7692	0.12224114308533308	2
7693	0.1379667051399122	3
7694	0.1655460504596573	3
7695	0.024215439872563867	1
7696	0.16062157369634028	2
7697	0.07347805112313976	2
7698	0.05098949382426061	2
7699	0.10812979468539022	1
7700	0.15748231135643992	3
7701	0.005386214113702578	0
7702	0.10745392493390851	3
7703	0.06728047971300444	2
7704	0.025916845724902084	2
7705	0.009231179982091208	1
7706	0.09923859770034998	2
7707	0.13664054050338575	2
7708	0.09888448733131941	3
