candidate_id	similarity	score
13959	0.4080292052531434	0
13960	0.0	0
13961	0.5515791135926447	0
13962	0.6102676409479002	0
13963	0.48364652254024015	0
13964	0.3980724848708893	0
13965	0.43185874871044194	0
13966	0.4102671764079553	0
13967	0.00033638776139332486	0
13968	0.3566254609413874	0
13969	0.4289265384930562	0
13970	0.014053885624034214	0
13971	0.5260376404961828	1
13972	0.1379632118165202	0
13973	0.4859400404494634	0
13974	0.41127141331690537	0
13975	0.08056483000234711	0
13976	0.40342344256996887	0
13977	0.08965157909414241	0
13978	0.4376075430507604	0
13979	0.00033638776139332486	0
13980	0.6368548675145276	0
13981	0.5089610031413241	0
13982	0.6125592770403999	0
13983	0.18887560283756186	0
13984	0.6066319125893851	0
13985	0.4889881110390161	0
13986	0.6924018175349753	0
13987	0.0	0
13988	0.646579440600416	0
13989	0.4007064524862063	0
13990	0.837600261896043	0
13991	0.1291228986736781	0
13992	0.00033638776139332486	0
13993	3.059023205018258e-07	0
13994	0.6970658993232628	1
13995	0.059414397201096265	0
13996	0.4267048135027051	0
13997	0.45723134461864345	0
13998	0.5421137734352984	0
13999	0.5744604524032507	0
14000	0.4726710844060086	0
14002	0.21032289737526577	0
14003	0.43766386647687766	0
14004	0.855454962721255	2
14005	0.3652787777959753	0
14006	0.8559592541880389	1
14007	0.16112966000469423	0
14008	0.47693954004043193	0
14009	0.2846303587120548	0
14010	0.01634740937961737	0
14011	0.3778098049276217	0
14012	0.002722443059328945	0
14013	0.5446632196806571	0
14015	0.4052196420066959	0
14016	0.18025898737451576	0
14017	0.010134074958561206	0
14018	0.8436877522387238	0
14019	0.3399040361317482	0
14020	0.42449466667354324	0
14021	0.38333932642683366	0
14022	0.49796091140130283	0
14023	0.7593323722476085	2
14024	0.38804375650661377	0
14025	0.5681129025904555	1
14026	0.032694818759234745	0
14027	0.4897204756095112	0
14028	0.5686291686362621	0
14029	0.3801351125670386	0
14030	0.7271391577467986	0
14031	0.01634740937961737	0
14032	0.3181312032245357	0
14033	0.71362623745997	0
14034	0.7509123179697196	0
14035	0.023765758880438505	0
14036	0.18286350667394496	0
14037	0.5664073065973474	0
14038	0.5792619295127504	0
14039	0.6286828499942162	0
14040	0.5080998986378026	0
14041	0.7876005367537738	0
14042	0.642567827518618	1
14043	0.41666477759241016	0
14044	0.3542264163032624	0
14045	0.8199303341724244	0
14046	0.007026942812017107	0
14047	0.1445657321488412	0
14048	0.0	0
14049	0.11502524705246171	0
14050	0.5144164738454218	0
14051	0.5113981264108133	0
14052	0.44176572824858046	0
14053	0.3823251942042729	0
14054	0.6495422988186278	0
14055	0.35455007198752614	0
14056	0.5583606163435105	1
14057	0.3991458043535984	0
14058	0.7663486039445029	1
14059	0.00033638776139332486	0
14060	0.5795163623645929	0
14061	0.3701004756657879	0
14062	0.5960571760823495	2
14063	0.3005240928033851	0
14064	0.6123816718734959	0
14065	0.14938002875012407	0
14066	0.0	0
14067	0.6620830712467658	0
14068	0.18031432921768786	0
14069	0.7182878897263497	2
14070	0.00738001500937005	0
14071	0.15478742197609216	0
14072	0.013123728736940968	0
14073	0.00033638776139332486	0
14074	0.43514845274304786	0
14075	0.8334210387845643	1
14076	0.0	0
14077	0.0	0
14078	0.16112966000469423	0
14079	0.0	0
14080	0.06538963751846949	0
14081	0.2937178713225991	0
14082	0.002722443059328945	0
14083	3.059023205018258e-07	0
14084	0.5922043012135425	0
14085	0.5435117278809392	0
14086	0.5284882620574096	0
14087	0.060851914409612656	0
14088	0.0	0
14089	0.7416327246130168	0
14090	0.3454065212641666	0
14091	0.5685063711392069	1
14092	0.5424638308087307	1
14093	0.00738001500937005	0
14094	0.360191817405574	0
14095	0.5291508729360789	1
14096	0.5967914876711288	1
14097	0.060851914409612656	0
14098	0.060194732741182325	0
14099	0.527139296038398	0
14100	0.5131450749736949	0
14101	0.20673158218380847	0
14102	0.3777654886764703	0
14103	0.005444886118657889	0
14104	0.6120356109562314	1
14105	0.360191817405574	0
14106	0.45692504714046056	0
14107	0.6987807077464147	2
14108	0.368785228498814	0
14109	0.7396906275907733	0
14110	0.6873982275541304	2
14111	0.08965157909414241	0
14112	0.40885648327160756	0
14113	0.5138469632687057	0
14114	0.6361273235404854	0
14115	0.5461858933686417	0
14116	0.5802340969012444	0
14117	0.6385805059922839	2
14118	0.0	0
14119	0.013123728736940968	0
14120	0.48668716943119333	0
14121	0.44185495835074756	0
14122	0.41187241835487587	0
14123	0.060194732741182325	0
14124	0.5781087985989259	0
14125	0.8659958046797324	2
14126	0.002722443059328945	0
14127	0.007026942812017107	0
14128	0.3213138447138567	0
14129	0.5149517814498947	0
14130	0.2566569909928473	0
14131	0.48935015302210655	0
14132	0.0	0
14133	0.0	0
14134	0.21839562543182217	0
14135	0.0	0
14136	0.0	0
14137	0.5645832415433192	0
14138	0.2803767199788463	0
14139	0.5146170709828919	0
14140	0.5179710705434196	1
14141	0.597619701866101	0
14142	0.47944067805030177	0
14143	0.6677031356668031	2
14144	0.36469441779746764	0
14145	0.4947667498648286	0
14146	0.007026942812017107	0
14147	0.7313475327386311	1
14148	0.8366074140133645	2
14149	0.7337442270270463	1
14150	0.5785021779751286	0
14151	0.07232029996057056	0
14152	0.6301730505809938	0
14153	0.0	0
14154	0.17200286298956843	0
14155	0.047531517760877016	0
14156	0.09371408677781687	0
14157	0.5382430316973968	1
14158	0.0695862641574161	0
14159	0.0	0
14160	0.2905483872995728	0
14161	0.6084394977750173	1
14162	0.35450771919660984	0
14164	0.0	0
14165	0.0	0
14166	0.46758564035236727	0
14167	0.6112908002610952	0
14168	0.0009118819655545162	0
14169	0.351242738136636	0
14170	0.34429350074723897	0
14171	0.8072260216143969	2
14172	0.5721786024315495	0
14173	0.7346820760333235	0
14174	0.0	0
14175	0.44830399211776034	0
14176	0.007026942812017107	0
14177	0.5828379181936343	0
14178	0.7234687584316147	1
14179	0.007026942812017107	0
14180	0.6318692217885482	2
14181	0.6742685892741604	0
14182	0.007026942812017107	0
14183	0.7650196135711216	0
14184	0.0689816059082601	0
14185	0.6979432052623605	0
14186	0.5028157412536308	0
14187	0.4520948478475427	0
14188	0.0	0
14189	0.4511369722377094	0
14190	0.5800877008652343	0
14191	0.5945489323787526	0
14192	0.419079797301487	0
14193	0.3930906250467018	0
14194	0.0	0
14195	0.6254162095641279	0
14196	0.00033638776139332486	0
14197	0.0	0
14198	0.6543284955726171	2
14199	0.5912786857142375	1
14200	0.2878828767267487	0
14201	0.21679846840388345	0
14202	0.27808158571015335	0
14203	0.2988103022643119	1
14204	0.32201119718630383	0
14205	0.0	0
14206	0.1342747166705785	0
14207	0.38854546090958636	0
14208	0.5694626381949711	2
14209	0.0	0
14210	0.0	0
14211	0.0	0
14212	0.34504617307039154	0
14213	0.33125826263437497	0
14214	0.6701052104733459	0
14215	0.5442278161018936	0
14216	0.6832669287884771	0
14217	0.5223187114946617	0
14218	0.03564863832065776	0
14219	0.7222933240303664	2
14220	0.39792981307463426	0
14221	0.06538963751846949	0
14223	0.0	0
14224	0.5678651579760695	2
14225	0.030922474213161136	0
14226	0.6474266441102002	0
14227	0.2903218058217057	0
14228	0.7430023199653439	1
14229	0.0	0
14230	0.026157228501982762	0
14231	0.4845444223385979	0
14232	0.7459774813290577	0
14233	0.43943263776002917	0
14234	0.5400669444006665	1
14235	0.39049898697318874	0
14237	0.26272307252727156	1
14238	0.0006727755227866497	0
14239	0.7196565246323674	0
14240	0.0009118819655545162	0
14241	0.0	0
14242	0.5317970070881463	0
14243	0.33990330592058093	0
14244	0.5058755639169544	0
14245	0.34480590343223844	0
14246	0.026157228501982762	0
14247	0.24486041901347153	0
14248	0.023765758880438505	0
14249	0.4068730164719531	0
14250	0.5375460193459827	0
14251	0.4774650283593781	0
14252	0.3899899888060293	0
14253	0.28682605373843756	0
14254	0.5344519773208242	1
14255	0.6281325800140811	0
14256	0.14009873497979952	0
14257	0.7068191658549466	1
14258	0.5790705186609977	0
14259	0.5800591069627381	0
14260	0.0	0
14262	0.6311408404302213	2
14263	0.2631128790657197	0
14264	0.22728515722297638	1
14265	0.00033638776139332486	0
14266	0.0	0
14267	0.4375139163260065	0
14268	0.4641656335994748	0
14269	0.3899604172498639	0
14271	0.7752289014173338	1
14272	0.5574772305736628	1
14273	3.059023205018258e-07	0
14274	0.011882879440219254	0
14275	0.5636428193309623	0
14276	0.39721971613280077	0
14277	0.17118564705838116	0
14278	0.0	0
14279	0.528353062120165	2
14280	0.5129753314320025	1
14281	0.0	0
14282	0.6310115876534893	0
14283	0.5655663204354133	1
14284	3.059023205018258e-07	0
14286	0.2552389574813676	0
14287	0.9337233696274018	0
14288	0.3766314001209768	0
14289	0.0	0
14290	0.3578445483854408	0
14291	0.6548374539805808	1
14292	0.34429350074723897	0
14293	0.0	0
14294	0.672956659689175	0
14295	0.8073200514516422	0
14296	0.6654196901326344	1
14297	0.37926312319158995	0
14298	0.0	0
14299	3.059023205018258e-07	0
14300	0.31896056173040127	0
14301	0.049042228138852124	0
14302	0.007026942812017107	0
14303	0.026157228501982762	0
14304	0.5241627040646544	0
14305	0.11924822470159534	0
14306	0.665017575805721	2
14308	0.15487217177594814	0
14309	0.25246469315711056	0
14310	0.03564863832065776	0
14311	0.47153968839224447	0
14312	0.22967089245956834	0
14313	0.6105862041396568	2
14314	0.005444886118657889	0
14315	3.059023205018258e-07	0
14316	0.481477814561573	0
14317	0.7297236106668076	1
14318	0.0	0
14319	0.08025964365490977	0
14320	0.7085281085207995	0
14321	0.28440701657701634	0
14322	0.7589845372810976	0
14323	0.42171618201130495	0
14324	0.44314834667367303	0
14325	0.08419219380660595	0
14326	0.10873129160550146	0
14327	0.060851914409612656	0
14328	0.08419219380660595	0
14329	0.4348370608827857	0
14330	0.047531517760877016	0
14331	0.3156029431249527	0
14332	0.0	0
14333	0.5910990214177823	0
14334	0.6904839530226775	2
14335	0.002722443059328945	0
14336	0.22994391520483556	0
14337	0.2972867139505436	0
14338	0.44665673889427215	0
14339	0.09488110566026987	0
14340	0.30360042055766784	0
14341	0.4735766212089507	0
14342	3.059023205018258e-07	0
14343	0.3054998198918593	0
14344	0.0	0
14345	0.6441259616974443	0
14346	0.3657981308701981	0
14347	0.38739021651142985	0
14348	0.46788081982824603	0
14349	0.48832311575624643	0
14350	0.002722443059328945	0
14351	0.0	0
14352	0.4597473112499858	1
14353	0.0	0
14354	0.525604034513363	0
14355	0.0	0
14356	0.3047181420083442	0
14357	0.5190717480119696	1
14358	0.33758594364590677	0
14359	0.08025964365490977	0
14360	0.5206510333792993	0
14361	0.6497586840494611	0
14362	0.6939048722656073	1
14363	0.0	0
14364	0.0	0
14365	0.4409685848639006	0
14366	0.6071000595330314	0
14368	0.0	0
14369	0.4460616097899727	0
14370	0.4166998110311382	0
14371	0.00033638776139332486	0
14372	0.5678662979492781	0
14373	0.4531074243374244	0
14374	0.0	0
14375	0.049042228138852124	0
14376	0.4331494027131028	0
14377	0.6893409630302638	0
14378	0.49985409931714353	0
14379	0.08056483000234711	0
14381	0.5260183996641118	0
14382	0.3914158828346081	0
14383	0.34187191252259697	0
14384	0.4845091636354049	0
14385	0.30929546122827456	0
14386	0.41010713689945905	0
14387	0.0	0
14388	0.3774262856894347	0
14389	0.6030464523823069	1
14390	0.40009508224612944	0
14391	0.22938311931602917	0
14392	0.43743890434008553	0
14393	0.011882879440219254	0
14394	0.42139822751024036	0
14395	0.0	0
14396	0.65408972637256	0
14397	0.6727397109267406	0
14398	0.0009118819655545162	0
14399	0.5313418958394077	0
14400	0.04012982182745488	0
14401	0.24109245675365926	0
14402	0.4043072088806541	1
14403	0.5322555366586315	0
14404	0.524008419476861	0
14405	0.5076803437526661	0
14406	0.5960608909832446	1
14407	0.5165203416514819	0
14408	0.3784864628246092	0
14409	0.4152515217932828	0
14410	0.0	0
14411	0.2757487680553789	0
14412	0.002722443059328945	0
14413	0.5747195224687045	0
14414	0.10519981344434198	0
14415	0.03387387332084033	0
14416	0.2411417955992837	0
14417	0.40719667619839217	0
14418	0.0	0
14419	0.48581699785163296	0
14420	0.5154319525777106	1
14421	0.6303735869131638	0
14422	0.07469001437506202	0
14423	0.0	0
14424	0.46020823830158697	0
14425	0.0	0
14427	0.5609189958418577	0
14428	0.22590771862411416	0
14429	0.0	0
14430	0.06538963751846949	0
14431	0.18025898737451576	0
14432	0.48303948110222694	0
14433	0.4826768089982597	0
14434	0.0	0
14435	0.47759221722947337	0
14436	0.5969822023301619	1
14437	0.7072838729146418	0
14438	0.38042574651701955	0
14440	0.23449428358993482	0
14441	0.7106045249021284	0
14443	0.2566860293542986	0
14445	3.059023205018258e-07	0
14446	0.01634740937961737	0
14447	0.5957801600207319	0
14448	0.6999247440211528	0
14449	0.0	0
14450	0.0	0
14451	0.0	0
14452	0.38145415251366	0
14453	0.3264633169920049	0
14454	0.060194732741182325	0
14455	0.6486245358619727	2
14456	0.014053885624034214	0
14457	0.3004914041475944	0
14458	0.8624394835702804	1
14459	0.0	0
14460	0.5580565874957485	0
14461	0.41200213390643264	0
14462	0.27248311242961376	0
14463	0.35455007198752614	0
14464	0.0	0
14465	0.4647745182949396	0
14466	0.46268964816759	0
14467	0.46340532697931225	0
14468	0.34113142132077223	0
14469	0.41666477759241016	0
14470	0.18727302041877184	0
14471	0.0	0
14472	0.34846768173940296	0
14474	0.04012982182745488	0
14475	0.5378638852682466	0
14476	0.6315671227895814	0
14477	0.7148518312258691	2
14478	0.22900275839396275	0
14479	0.7903363663411658	1
14480	0.32665187754616803	0
14481	0.6501827099999284	1
14482	0.635218327435836	1
14483	0.3540088061239137	0
14484	0.7354081617601697	2
14486	0.46323002323577717	0
14487	0.6196993577265861	0
14488	0.5236533281740254	1
14489	0.48888438003013895	0
14490	0.7140415521136491	1
14491	0.05619066760691857	0
14492	0.5146700720904973	0
14493	0.00033638776139332486	0
14494	0.002722443059328945	0
14495	0.9498230629522612	0
14496	0.014053885624034214	0
14497	0.5898409594997381	2
14498	0.5859487979752798	0
14499	0.6444750188267883	1
14500	0.41573287634236344	0
14501	0.6286989044834749	2
14502	0.6127421228124609	1
14503	0.6091873465054214	0
14504	0.12608964601577016	0
14505	0.002722443059328945	0
14506	0.4580134783180204	0
14507	0.007026942812017107	0
14508	0.44664692730734834	0
14509	0.4247593695444975	2
14510	0.14013524544646816	0
14511	0.39861551325932376	0
14512	0.6489819118335388	2
14513	0.005444886118657889	0
14514	0.0442330613887699	0
14515	0.0	0
14516	0.22938311931602917	0
14517	0.5255696095406992	1
14518	0.4999261549249497	0
14519	0.5808094387663112	0
14520	0.06538963751846949	0
14521	0.3304517974720271	0
14522	0.5590511192717504	1
14523	0.0	0
14524	0.0	0
14525	0.1479715002363662	0
14526	0.4505281335295806	1
14527	0.5561486384738714	0
14528	0.0644243620250181	0
14529	0.39575728837229046	0
14530	0.24563980860599793	0
14531	0.3217463705134422	0
14532	0.6701052104733459	0
14533	0.002722443059328945	0
14534	0.43894444629628626	1
14535	0.7580946585872588	2
14536	0.31450387362651194	2
14537	0.06538963751846949	0
14538	0.6953325896611774	1
14539	0.35491869621488104	0
14540	0.11724714179496741	0
14541	0.4439829093326819	0
14542	0.5389036589945669	0
14543	0.049042228138852124	0
14544	0.7546879899919748	0
14545	0.6814236306376331	1
14546	0.789390353536215	2
14547	0.3317537784751172	0
14548	0.675614558633817	1
14549	0.011882879440219254	0
14550	0.0	0
14551	0.07730212624856471	0
14552	0.023765758880438505	0
14553	0.47075199234542336	0
14554	0.0	0
14555	0.0	0
14556	0.060194732741182325	0
14557	0.5574019260706706	0
14558	0.6520735022382513	0
14559	0.7186536168762665	0
14560	0.0009118819655545162	0
14562	0.36765738281751864	0
14563	0.007026942812017107	0
14564	0.5841139785003826	2
14565	0.5919935432595004	0
14566	0.469983082408316	1
14567	0.0	0
14568	0.6737254724213158	2
14569	0.023765758880438505	0
14570	0.007026942812017107	0
14571	0.002722443059328945	0
14572	0.32816785290028266	0
14573	0.3148377405485241	0
14574	0.27271219875022934	0
14575	0.5379547322850381	0
14576	0.11502524705246171	0
14577	0.6414087367858252	0
14578	0.4640336704402869	0
14579	0.69105272485777	0
14580	0.11080315836233387	0
14582	0.48096548066029077	0
14583	0.002722443059328945	0
14584	0.007026942812017107	0
14585	0.0	0
14586	0.63003085236673	0
14587	0.3772578626155867	0
14588	0.6624056576554591	2
14589	0.4091542814882546	0
14590	0.42626474770018	0
14591	0.6272673801666061	0
14592	0.0	0
14593	0.39414313516033306	1
14594	0.0	0
14595	0.5157394102210795	0
14596	0.023765758880438505	0
14597	0.4260303897171747	0
14598	0.5894740732714732	1
14599	0.7158321348151083	0
14600	0.5153429933595373	0
14601	3.059023205018258e-07	0
14602	0.0	0
14603	0.10519981344434198	0
14604	0.5452525047803217	0
14605	0.06538963751846949	0
14606	0.5460701955110392	0
14607	0.555912822128749	0
14608	0.16317624333507444	0
14609	0.3530557719891065	0
14611	0.7815341391035076	0
14612	0.5450901585351436	0
14613	0.44194643051878457	0
14614	0.49957859212461136	0
14615	0.49826660126361405	2
14616	0.0	0
14617	0.5752290586030411	1
14618	0.5742639505316205	0
14619	0.0	0
14620	0.17348879307378226	0
14621	0.3607054933195028	0
14622	0.0	0
14623	0.4787498911704585	0
14624	0.007026942812017107	0
14625	0.8633569800664666	0
14626	0.4640499769705732	0
14627	0.48049605020287917	0
14628	0.3940743002386782	0
14629	0.0442330613887699	0
14630	0.18872331309514873	0
14631	0.14938002875012407	0
14632	0.863389849092435	0
14634	0.6044999086658057	0
14635	0.40477585141576045	0
14636	0.0	0
14637	0.7233396418842681	1
14638	0.4499581313065659	0
14639	0.7536471505278686	0
14640	0.47457110034673755	0
14641	0.0	0
14642	0.19511983560556995	0
14643	3.059023205018258e-07	0
14644	0.6862281600399219	0
14645	0.46184113585983	0
14646	0.3712329600697878	0
14647	0.5022422232411132	0
14648	0.05619066760691857	0
14649	0.37243814716194495	0
14650	0.30990300056069237	0
14651	0.38292834124870245	0
14652	0.16985203861063947	0
14653	0.10873129160550146	0
14654	0.0	0
14655	0.30165427485946644	0
14656	0.6669507778185878	1
14657	0.5004813418459757	0
14658	0.2908186972256712	0
14659	0.5110356577851617	1
14660	0.0	0
14661	0.0	0
14662	0.4581349630749846	0
14663	0.6606382561059032	2
14664	0.48168079142622205	1
14665	0.6066695764899089	1
14666	0.27187427068167364	0
14667	0.557418427197621	0
14668	0.5497180937459306	0
14669	0.3494236524454354	0
14670	0.005444886118657889	0
14671	0.013123728736940968	0
14672	0.5692425258425569	1
14673	0.7045125911567414	2
14674	0.6358446617995296	0
14675	0.5154131105438583	0
14676	0.16944260469837416	0
14677	0.2419247348499205	0
14678	3.059023205018258e-07	0
14679	0.3734045398624434	0
14681	0.3920143426813385	0
14682	0.5382296003986516	0
14683	0.0	0
14684	0.0957305973777082	0
14685	0.5570253908948041	1
14686	0.3490039661525308	0
14687	0.16062759184007913	0
14688	0.007026942812017107	0
14689	0.33784065187215895	0
14690	0.45835850781430354	0
14691	0.2606375702196468	0
14692	0.5988852543346367	1
14693	0.460856361936563	0
14694	0.29542535913003365	0
14695	0.28682605373843756	0
14696	0.39237276539346083	0
14697	0.20518249814119296	0
14698	0.0442330613887699	0
14699	0.02108082843605132	0
14700	0.00033638776139332486	0
14701	0.7058556288565067	0
14702	0.4146034064952293	0
14703	0.49906829667618424	0
14704	0.4874095392576846	1
14705	0.002722443059328945	0
14706	0.0442330613887699	0
14707	0.28106811513880425	0
14708	0.5032257883617065	0
14709	0.33047204170960115	0
14711	0.04012982182745488	0
14712	0.365366812996201	0
14713	0.4883531175180497	0
14714	0.0	0
14715	0.045987737272173396	0
14716	0.060851914409612656	0
14717	0.2922598025265644	0
14718	0.7482289011256622	0
14719	0.5315717128659608	0
14720	0.1950929777722636	0
14721	0.14009873497979952	0
14722	0.3856630659721315	0
14723	0.652673984952835	0
14724	0.019048678812571364	0
14725	0.2988103022643119	0
14726	0.20648348566754224	0
14727	0.7322081658275046	1
14728	0.4828531317798545	0
14729	0.0	0
14730	0.0	0
14731	0.00033638776139332486	0
14732	0.6146394837336532	0
14733	0.7109378812246454	0
14734	0.007026942812017107	0
14735	0.5430536125057237	0
14736	0.4681995735261491	0
14737	0.31333894726421285	0
14738	0.2585417637392589	0
14739	0.36288276030046385	0
14740	0.002722443059328945	0
14741	0.6822642949957014	2
14742	0.5770405468086481	0
14743	0.35148023563476644	0
14744	0.33990330592058093	0
14745	0.8629840292579234	0
14746	0.5410936035869451	0
14747	0.1291228986736781	0
14748	0.5042567861389677	0
14749	0.6185737698356342	0
14750	0.5832578522174184	0
14751	0.35929824601292576	0
14752	0.0	0
14753	0.42300894817953716	0
14754	0.007026942812017107	0
14755	0.48928555120913475	2
14756	0.0	0
14757	0.6215033675795854	0
14758	0.46581837120201747	0
14760	0.4779981130750912	0
14761	0.5784403023356722	1
14762	0.370619863197062	0
14763	0.5897827136150245	0
14764	0.588417324178841	1
14765	0.4479932772693507	0
14766	0.09488110566026987	0
14767	0.33059879515322504	0
14768	0.0	0
14769	0.5636454586008258	2
14770	0.16958741796708393	2
14771	0.653734384909976	0
14772	0.5927205302102493	2
14773	0.1927641262453	0
14774	0.3708199759235119	0
14775	0.4943864584168977	0
14776	0.33598909624458484	0
14777	0.19616014190301748	0
14778	0.5209581572707818	0
14779	0.0	0
14780	0.23716982931468314	0
14781	0.5545438624010897	0
14782	0.426973401042683	0
14783	0.42604194687449465	0
14784	0.599135294613057	2
14785	0.2709640533706218	0
14786	0.44622517040344994	1
14787	0.41694103587880643	0
14788	0.005444886118657889	0
14789	0.3904496473769475	0
14790	0.5113684891939638	0
14791	0.42171618201130495	0
14792	0.17286948771355082	0
14793	0.45557903003168865	0
14794	0.23682121318988003	0
14795	0.29542535913003365	0
14796	0.007026942812017107	0
14797	0.2589596785899245	0
14798	0.00033638776139332486	0
14799	0.4094788216588406	0
14800	0.17286948771355082	0
14801	0.508091858239539	1
14802	0.3454065212641666	0
14803	0.24558758210784917	0
14804	3.059023205018258e-07	0
14805	0.007026942812017107	0
14806	0.6328434185857312	0
14807	0.395450014856817	0
14808	0.4286675962939782	0
14809	0.5510194074579157	0
14810	0.4371378405061163	0
14811	0.48497169407637586	0
14812	0.24351374889132704	0
14813	0.08559282352919059	0
14814	0.0644243620250181	0
14815	0.46513141351104453	0
14817	0.0	0
14818	0.01634740937961737	0
14819	0.3766308586248516	0
14820	0.27437841907866745	0
14821	0.7622382120196771	0
14822	0.0	0
14823	0.629041975377369	0
14824	0.00033638776139332486	0
14825	0.4090136008077318	0
14826	0.45006402309001187	0
14827	0.0	0
14828	0.5440163863003966	0
14829	0.5344029296340771	0
14830	0.46458444036877666	1
14831	0.3199201842425703	0
14832	0.14767645265290308	0
14833	0.33508477539819687	0
14834	0.20508274219375078	0
14835	0.5610779132731969	0
14836	0.4673049728603751	0
14837	0.2577894148651088	1
14838	3.059023205018258e-07	0
14839	0.3592576724257542	0
14840	0.023765758880438505	0
14841	0.4489506202408239	0
14842	0.34218475588980907	0
14843	0.27721375133049	0
14844	0.09371408677781687	0
14845	0.4321793567164833	0
14846	0.8657090732327211	1
14847	0.38717409109328554	0
14848	0.002722443059328945	0
14849	0.7827404271053202	2
14850	0.6356903765583413	1
14851	0.0	0
14852	0.5121125992369743	0
14853	0.5590590714650808	0
14854	0.12466383462185705	0
14855	0.8853932363025147	0
14856	0.6227587115551982	0
14857	0.5165018604790473	1
14858	0.4324004534940544	0
14859	0.1342747166705785	0
14860	0.424237652743644	0
14861	0.6115380576901023	1
14862	0.4161905962262581	0
14863	0.6511404374746782	0
14864	0.47039810350767036	0
14865	0.49207949040247656	1
14866	0.03564863832065776	0
14867	0.4075953028883148	0
14868	0.007026942812017107	0
14869	0.6214294067184778	0
14870	0.3077319882303092	1
14871	0.42743975537728857	0
14872	0.15395017226182534	0
14873	0.6427461449767279	0
14874	0.4033201320473905	1
14875	0.5881807378949997	1
14876	0.002722443059328945	0
14877	0.0	0
14878	0.45426849957739934	0
14879	0.7917521728564271	1
14880	0.6955513058791468	1
14881	0.4827926538842863	0
14882	0.0	0
14883	0.005444886118657889	0
14884	0.6205288740975182	0
14885	0.6587027018400828	2
14886	0.600621696397779	0
14887	0.6839848755523583	0
14888	0.5975003103667569	0
14889	0.5027965558336149	1
14890	0.702329748434296	2
14891	0.5266705661843843	0
14892	0.7304579591637939	0
14893	0.22037574829732381	0
14894	0.5986258556191529	0
14895	0.46309736534398965	0
14896	0.026157228501982762	0
14897	0.5821560899038272	0
14898	0.011882879440219254	0
14899	0.4125107254221333	0
14900	0.7657649833724521	0
14901	0.5151571336821082	0
14902	0.6094367177306861	1
14903	0.00033638776139332486	0
14904	0.503983567845365	1
14906	0.1479715002363662	0
14907	0.2752854345852893	0
14908	0.023765758880438505	0
14909	0.564087760668374	0
14910	0.7630485327883549	0
14912	0.624498112307645	0
14913	0.4069175260264564	0
14914	0.007026942812017107	0
14915	0.5107266168932352	0
14916	0.5285576319149344	0
14917	0.31450387362651194	0
14918	0.023765758880438505	0
14919	0.34830520343054644	0
14920	0.5515725037216784	0
14921	0.426973401042683	0
14922	0.5678469448114029	2
14923	0.011882879440219254	0
14924	0.2306661840925586	0
14925	0.6638513489126107	0
14926	0.4177214397587859	0
14927	0.5225461520980624	0
14928	0.00738001500937005	0
14929	0.007026942812017107	0
14930	0.0	0
14931	0.049042228138852124	0
14932	0.007026942812017107	0
14933	0.6196262573331212	2
14934	0.30553969026599515	0
14935	0.39145041966155664	0
14936	0.6422422803373383	2
14937	0.5731658068152657	0
14938	0.3701004756657879	0
14939	0.14272407176858712	0
14940	0.3793828418884174	0
14941	0.11750032457721347	0
14942	0.46340532697931225	0
14943	0.5458687423316615	0
14944	0.2269763628289637	0
14945	3.059023205018258e-07	0
14946	0.5959902216013657	1
14947	0.5240890917205531	0
14948	0.5887468389357683	0
14949	0.6276200551861513	1
14950	0.0	0
14951	0.07730212624856471	0
14952	0.7180841892862054	0
14953	0.29311785448741856	0
14954	0.002722443059328945	0
14955	0.3217463705134422	0
14956	0.39292847576167633	0
14957	0.10873129160550146	0
14958	0.6066319125893851	0
14959	0.5224617687446543	0
14960	0.12466383462185705	0
14961	0.007026942812017107	0
14962	0.5280638998903426	0
14963	0.4992746723267126	0
14964	0.6624281386713252	1
14965	0.5483672141761446	0
14966	0.5473232850216273	0
14967	0.032694818759234745	0
14968	0.5697543422976055	0
14969	0.22679541654629312	0
14970	0.3694891692302634	0
14971	0.3045174900447899	0
14972	0.28062588112603387	0
14973	0.5277548024124806	1
14974	0.060851914409612656	0
14976	0.46624301096419096	0
14977	0.35216069021552826	0
14978	0.41856188996266686	0
14979	0.21127784995153942	0
14980	0.49565769111485497	1
14981	0.4310369357423933	0
14982	0.35686157455385265	0
14983	0.01634740937961737	0
14984	0.11080315836233387	0
14985	3.059023205018258e-07	0
14986	0.3148377405485241	0
14987	0.023765758880438505	0
14988	0.5114503492252296	0
14989	0.19811339607815368	0
14990	0.310995112744461	0
14991	0.5793237321486123	0
14992	0.00033638776139332486	0
14993	0.3267322626091945	0
14994	0.0	0
14995	0.46932527096468524	0
14996	0.08025964365490977	0
14997	0.31214174601750344	0
14998	0.09371408677781687	0
14999	0.3833033651927945	0
15000	0.19248996273586447	0
15001	0.04012982182745488	0
15002	0.6040443408151827	1
15003	0.39935653202839116	0
15004	0.461350827531338	0
15005	0.5490605984644792	1
15006	0.5793841345123079	1
15007	0.07730212624856471	0
15008	0.19711082962781198	0
15009	0.0	0
15010	0.0689816059082601	0
15011	0.0	0
15012	0.4712778743301462	0
15013	0.754714527197359	0
15014	0.011882879440219254	0
15015	0.6445297963050921	2
15016	0.5035683862601782	0
15017	0.014053885624034214	0
15018	0.43158074111381345	1
15019	0.023765758880438505	0
15020	0.5652445155068967	0
15021	0.7342326873848406	0
15022	0.4776163996917184	0
15023	0.47025935160581583	0
15024	0.08965157909414241	0
15025	0.21679846840388345	0
15026	0.49273285324545607	0
15027	0.04849279111383187	0
15028	0.12038946548236465	0
15029	0.4656934035769398	0
15031	0.680824651261218	0
15032	0.005444886118657889	0
15033	0.9620725488928527	0
15034	0.7208804420973676	0
15035	0.5746545878207158	1
15036	0.5518673821577977	0
15037	0.5480647158278746	0
15038	0.6049376005977779	1
15039	0.023765758880438505	0
15040	0.15130757521892418	0
15041	0.6490663456299871	0
15042	0.14272407176858712	0
15043	0.24351374889132704	0
15044	3.059023205018258e-07	0
15045	0.0	0
15046	0.41606354162833226	0
15047	3.059023205018258e-07	0
15048	0.0442330613887699	0
15050	0.00033638776139332486	0
15051	0.2875262590281165	0
15052	0.605952658241796	0
15053	0.39698799322205425	0
15054	0.08965157909414241	0
15055	0.5641300986350525	2
15056	0.6436453331690638	0
15057	0.5729793411083688	1
15058	0.560580304191992	0
15059	0.0	0
15060	0.6024143255908074	1
15061	0.6966863379186454	0
15062	0.7171973429444525	0
15063	0.7128654650951997	0
15064	0.4986482862399733	1
15065	0.46611553271127626	0
15066	0.4685144102985907	0
15067	0.37685335072695564	0
15069	0.28062588112603387	0
15070	0.2849282635663501	0
15071	0.023765758880438505	0
15072	0.3855282524906	0
15073	0.4401903114319193	0
15074	0.5478277741876237	0
15075	0.6063935938479473	0
15076	0.002722443059328945	0
15077	0.0	0
15078	0.45576524369458765	0
15079	0.5741877990124102	0
15080	0.6269473238815172	0
15081	0.6259877492156255	0
15082	0.002722443059328945	0
15083	0.4559203174412294	0
15084	0.407069279599453	0
15085	0.4196665779797427	0
15086	0.10873129160550146	0
15087	0.8327779021310172	0
15088	0.5450174576453511	0
15089	0.4234285067177044	0
15090	0.5100912343145734	0
15091	0.002722443059328945	0
15092	0.2972867139505436	1
15093	0.028107771248068427	0
15094	0.6672932953023837	0
15095	0.5836919562679792	0
15096	0.24486041901347153	0
15097	0.00033638776139332486	0
15098	0.3972779099097202	0
15099	0.43971721805818514	0
15100	0.007026942812017107	0
15102	0.5710642051202521	0
15103	0.0442330613887699	0
15104	0.41715831112980717	0
15105	0.578921230211581	1
15106	0.374750646927344	0
15107	0.0	0
15108	0.37455820058086775	0
15109	0.48080345238839123	0
15110	0.0	0
15111	0.4297080554627109	0
15112	0.4014329171251236	0
15113	0.5240716491656977	0
15114	0.46993197212068316	1
15115	0.6256451527759584	0
15116	0.6852764065590443	1
15117	0.6210172177984503	0
15118	0.0	0
15120	0.6740468806717901	0
15121	0.007026942812017107	0
15122	0.21679846840388345	0
15123	0.3013226469539129	0
15124	0.11750032457721347	0
15125	0.5678504775306163	1
15126	0.11924822470159534	0
15127	0.08862931121551576	0
15128	0.6016074092305739	1
15129	0.0	0
15130	0.0	0
15131	0.6188932979646395	1
15132	0.306653138810338	0
15133	0.4112809205087471	0
15134	0.6585157624169942	0
15135	0.5382759589841208	0
15136	0.07469001437506202	0
15137	0.37328612534713546	0
15138	0.6959271914030051	0
15139	0.0	0
15140	0.187743419623583	0
15141	0.002722443059328945	0
15142	0.4203757810717959	0
15143	0.5324750255586779	0
15144	0.026157228501982762	0
15145	0.1651669060279735	0
15146	0.0	0
15147	0.35348378768166194	0
15148	0.1934486358201759	0
15149	0.5904965350073438	0
15150	0.2739899782246534	0
15151	0.00033638776139332486	0
15152	0.00033638776139332486	0
15153	0.3348008579049235	0
15154	0.5286295276336922	0
15155	0.41422504278310396	0
15156	0.40645811759363265	0
15157	0.4552853916275234	0
15158	0.00033638776139332486	0
15159	0.4384480872401971	0
15160	0.24396264708665327	0
15161	0.17118564705838116	0
15162	0.5598815668558456	0
15163	0.24396264708665327	0
15164	0.01634740937961737	0
15165	0.026157228501982762	0
15166	0.5647874164167687	0
15167	0.049042228138852124	0
15168	0.5136825309196659	1
15169	0.002722443059328945	0
15170	0.4451438877322003	0
15171	0.6688268079820008	0
15172	0.3524953422329063	0
15173	0.049042228138852124	0
15174	0.6563093954407722	1
15175	0.5162387947098253	0
15176	0.37926312319158995	0
15177	0.12333467425585955	0
15178	0.6022735106929146	0
15179	0.5584506799191252	0
15180	0.0	0
15181	0.5627768316814625	1
15182	0.8046151147255136	0
15183	0.4066039718120253	0
15184	0.0	0
15185	0.5293755974634509	0
15186	0.0	0
15187	0.12333467425585955	0
15188	0.5597539611036423	0
15189	0.1479715002363662	0
15190	0.6355381751091325	0
15191	0.3185782660934297	0
15192	0.14013524544646816	0
15193	0.0	0
15194	0.5151895199409976	0
15195	0.21679846840388345	0
15196	0.6118251012357564	1
15197	0.4242408058070196	0
15198	0.6293879572130594	0
15199	0.5155320461745398	0
15200	0.24312961186497842	0
15201	0.10873129160550146	0
15202	0.16228390603175327	0
15203	0.00033638776139332486	0
15204	0.12170382881922534	0
15205	0.04114984934384358	0
15206	0.032694818759234745	0
15207	0.014053885624034214	0
15208	0.6649538761292662	1
15209	0.0	0
15210	0.39751603007110087	0
15212	0.6279166766817372	0
15213	0.2747479107154302	0
15214	0.4976928200227481	0
15215	0.002722443059328945	0
15216	0.0	0
15217	0.5026386140359251	1
15218	0.5492174446226051	0
15219	0.023765758880438505	0
15220	0.12608964601577016	0
15221	0.047531517760877016	0
15222	0.5414948338574218	0
15223	0.005444886118657889	0
15224	0.5928586281068128	0
15225	0.42330192476842515	0
15226	0.5682574656212646	1
15227	0.060194732741182325	0
15228	0.0	0
15229	0.4498867853104941	0
15230	0.00738001500937005	0
15231	0.23325505861671614	0
15232	0.0	0
15233	0.0	0
15234	0.00033638776139332486	0
15235	0.002722443059328945	0
15236	0.0	0
15237	0.0	0
15238	0.2956517125199297	0
15239	0.4510973861415374	0
15240	0.5985761812704832	0
15241	0.5627599114073462	1
15242	0.22728515722297638	0
15243	0.6619664246891693	1
15244	0.2675597073208433	0
15245	0.528676071142112	0
15246	0.41866520588870176	1
15247	0.29344293783223774	0
15248	0.35216069021552826	0
15249	0.5391324847400855	0
15250	0.33604987320971846	0
15252	0.2644533635382785	0
15253	0.5373122338286098	0
15255	0.5660232830323645	1
15256	0.6684821742074435	0
15257	0.5143468391140711	1
15258	0.4710968416774721	0
15259	0.41318160908173945	0
15260	0.39380270656457966	0
15261	0.6626717796386667	0
15262	0.33380305707704633	0
15263	0.38435746239176843	0
15264	0.26499440607821023	0
15265	0.38034747628716903	0
15266	0.002722443059328945	0
15268	0.29916461949573875	0
15269	0.5962353885531475	0
15270	0.0	0
15271	0.5997811310969027	0
15272	0.3826481585454489	0
15273	0.49737548832248185	0
15274	0.2675597073208433	0
15275	0.24274042191822734	0
15276	0.4874442686904354	0
15277	0.1651669060279735	0
15278	0.2782243211691383	0
15279	0.4393833703019872	0
15280	0.4286675962939782	0
15281	0.5937236715347292	2
15282	0.0442330613887699	0
15283	0.43686024073225754	0
15284	0.047531517760877016	0
15285	0.15487217177594814	0
15286	0.013123728736940968	0
15287	0.060194732741182325	0
15288	0.4384098028403798	2
15289	0.32773405685150464	0
15290	0.5301877588031142	0
15291	0.3095148350429956	0
15292	0.5270684875480811	1
15293	0.5749684439831477	0
15294	0.5686855506143776	1
15295	0.39011392092613	0
15296	0.6283328186209755	0
15297	0.049042228138852124	0
15298	0.6414906429860647	1
15299	0.2711714504251361	0
15300	0.6027509520279131	1
15301	0.060851914409612656	0
15302	0.4032059192289463	0
15303	0.3024952104643141	0
15304	0.09808445627770422	0
15305	0.007026942812017107	0
15307	0.00033638776139332486	0
15308	0.0	0
15309	0.0	0
15310	0.33387726053348094	0
15311	0.6058907389239747	2
15312	0.4576703613981237	2
15313	0.6918888029887504	0
15314	0.3918361559479503	0
15315	0.7507613936285346	1
15316	0.31953790198507787	0
15317	0.7489528403533032	0
15318	0.0	0
15319	0.4875858478923957	1
15320	0.3187903641579699	0
15321	0.6014728185298025	2
15322	0.1479715002363662	0
15323	0.514511651852919	0
15324	0.21662515784596945	0
15325	0.026157228501982762	0
15326	0.0	0
15328	0.7017779897787537	0
15329	0.616941068930782	0
15330	0.5512309676858348	0
15331	3.059023205018258e-07	0
15332	0.3485363377838064	0
15333	0.5019290142205947	0
15334	0.023765758880438505	0
15335	0.6013979003213725	0
15336	0.0	0
15337	0.00033638776139332486	0
15338	0.45377273763799253	0
15340	0.506245769240352	0
15341	0.28002703525272393	0
15342	0.0	0
15343	0.6434199564148284	0
15344	0.25615135168946324	0
15345	0.5318567273187584	0
15346	0.4898154857029984	0
15347	0.7381506862302959	1
15348	0.5274980662377693	0
15349	0.637993027097124	1
15350	0.7461583144283164	2
15351	0.5323942312141313	0
15352	0.4406688564225755	0
15353	0.1479715002363662	0
15354	0.0	0
15355	0.44989411527718864	0
15356	0.4551079600861023	0
15357	0.03564863832065776	0
15358	0.0	0
15359	0.023765758880438505	0
15360	0.3712329600697878	0
15361	0.0	0
15362	0.28460918100133964	0
15363	0.4571837103079747	0
15364	0.6810583225893666	0
15365	0.3145256484644997	0
15367	0.3974861441204752	0
15368	0.43341454848371463	0
15369	0.19020299520583292	0
15370	0.24563980860599793	0
15371	0.38611709645577086	0
15372	0.0	0
15373	0.5134453287892854	0
15374	0.34140382816847425	0
15375	0.0	0
15376	0.6966863379186454	0
15377	0.6855981383939672	0
15378	0.5219910252643555	0
15379	0.15723078586799477	0
15380	0.002722443059328945	0
15381	0.754714527197359	0
15382	0.3703327575929071	0
15383	0.4983108400574794	0
15384	0.44176991836597185	1
15385	0.002722443059328945	0
15386	0.0	0
15387	0.0	0
15388	0.00738001500937005	0
15389	0.6267787779218397	0
15390	0.7332524227700039	0
15391	0.31214174601750344	0
15392	0.5887557781962441	2
15393	0.39891047243366684	0
15394	0.6262479035974083	1
15395	3.059023205018258e-07	0
15396	0.2515295607111498	0
15397	0.24218830955105944	0
15398	0.6701052104733459	0
15399	0.4863383168079943	0
15400	0.10741977333646281	0
15401	0.48536614067535894	1
15402	0.023765758880438505	0
15403	0.4425723306829271	0
15404	0.6001829691275611	1
15405	0.4978415505421955	0
15406	0.6209861148400077	0
15407	0.3225505479227358	0
15408	0.09197547454434679	0
15409	0.10876920868350204	0
15410	0.5390080882892601	0
15411	0.049042228138852124	0
15412	0.08862931121551576	0
15413	0.023765758880438505	0
15414	0.0	0
15415	0.6146046532370982	0
15416	0.04114984934384358	0
15417	0.4224649424897063	0
15418	0.0	0
15419	0.5819678560046279	0
15420	0.37385686549120933	0
15422	0.00738001500937005	0
15423	0.5982303461300569	0
15424	0.39933777420759853	0
15425	0.4364530435213025	0
15426	0.09197547454434679	0
15427	0.0	0
15428	0.33920501375307255	0
15429	0.429541897381125	0
15430	0.38232672694356595	0
15431	0.0	0
15432	0.4659526667214084	1
15433	0.5206012201854856	1
15434	0.47307608041467114	0
15435	0.2939148336279686	0
15436	0.07730212624856471	0
15437	0.6266508876184433	1
15438	0.1290864039816615	0
15439	0.43308129989381977	0
15440	0.4646414684559957	0
15441	0.4942559745832597	0
15442	0.567247294594193	1
15443	0.6353328537138678	0
15444	0.1696025068765363	0
15445	0.6573703793915899	0
15446	0.0	0
15447	0.4359489572491072	0
15448	0.0	0
15449	0.0	0
15450	0.673058537229509	0
15451	0.007026942812017107	0
15452	1.0	0
15453	0.7072600122912243	0
15454	0.4550029722413762	0
15455	0.577296204905398	0
15456	0.030922474213161136	0
15457	0.7082544104725238	0
15458	0.014053885624034214	0
15459	0.4539382174363355	0
15460	0.6816860699356225	0
15461	0.6914730351191175	1
15462	0.7105390034403748	0
15463	0.005444886118657889	0
15464	0.5474873511950448	0
15465	0.6282384980744012	0
15466	0.0	0
15467	0.5117340135128916	0
15468	0.0	0
15469	0.5036673474451137	0
15470	0.5777528070052254	0
15471	0.4969202350526137	1
15472	0.7795191391376943	2
15473	0.6701052104733459	0
15474	0.48311857729270485	0
15475	0.028107771248068427	0
15476	0.0	0
15477	0.6639513312778876	2
15478	0.35807643129357103	0
15479	0.4642131446130061	1
15481	0.40100036936096894	0
15482	0.33222077655606636	0
15483	0.007026942812017107	0
15484	0.0	0
15485	0.5371865350262796	0
15486	0.5052320439095697	2
15487	0.0	0
15488	0.6948175350749344	2
15489	0.4079746939054862	0
15490	0.33991377536252626	0
15491	0.45249355489745013	0
15492	0.5941580972273834	0
15493	0.1291228986736781	0
15494	0.46098111013527604	0
15495	0.02108082843605132	0
15496	0.23595291672231083	0
15497	0.5330093604362953	0
15498	0.0	0
15499	0.5452575656287083	0
15500	0.4472881856370413	0
15501	0.5073464915237628	0
15502	0.17937809706315228	0
15503	0.6207802993702048	0
15504	0.0	0
15505	0.5650432405675604	0
15506	3.059023205018258e-07	0
15507	0.6015908199160561	0
15508	0.6795859390252686	1
15509	0.023765758880438505	0
15510	0.7407466629824763	0
15511	0.005444886118657889	0
15512	0.7138413267363155	0
15513	0.6171826955957173	2
15514	0.3285762833157877	0
15515	0.5387382376868906	2
15516	0.0	0
15517	0.5789139043999239	0
15518	0.6103354204886328	0
15519	0.0	0
15520	0.0442330613887699	0
15521	0.614446130005221	1
15522	0.6682758479501427	0
15523	0.6509655420604888	0
15524	3.059023205018258e-07	0
15525	0.7079071579021783	0
15526	0.049042228138852124	0
15527	0.0	0
15528	0.026157228501982762	0
15529	0.395450014856817	0
15530	0.3750281034714594	0
15531	0.0	0
15532	0.43974705160233746	0
15533	0.39054232449136267	0
15534	0.8428863473935219	0
15535	0.6152353676015504	0
15536	0.5663408884782426	0
15537	0.5786995833040668	0
15538	0.36663233955022684	0
15539	0.07730212624856471	0
15540	0.20508274219375078	0
15541	0.2306661840925586	0
15542	0.77020805646901	2
15543	0.04571944191367102	0
15545	0.049042228138852124	0
15546	0.26499439683414633	0
15547	0.27721375133049	0
15548	0.2576292047287932	0
15549	0.03221218101250905	0
15550	0.002722443059328945	0
15551	0.4358383310489815	0
15552	0.014053885624034214	0
15553	0.5540352667978927	0
15554	0.5108576526045401	2
15555	0.684820450636911	1
15556	0.4260096504087156	0
15557	0.09371408677781687	0
15558	0.6180058690519397	1
15559	0.3939720881147929	0
15560	0.0	0
15561	0.8206974603859347	1
15562	0.5803312799763649	0
15563	0.549772908909069	0
15564	0.5195897941238891	0
15565	0.438503167665847	0
15566	0.7150908385718641	2
15567	0.4561372336407464	0
15568	0.0	0
15569	0.6460219946989363	0
15570	0.43126947469252247	0
15571	0.7072858892207035	1
15572	0.0	0
15573	0.43719156585133395	0
15574	0.4546679129166715	0
15575	0.049042228138852124	0
15576	0.4033201320473905	0
15577	0.00033638776139332486	0
15578	0.30470915491420003	0
15579	0.31290375246302105	0
15580	0.31845082762069304	1
15581	0.3156029431249527	0
15582	0.4551807334965241	0
15583	0.7259075059669776	0
15584	0.3971315171939046	0
15585	0.43230143188073317	0
15586	0.2972867139505436	0
15587	0.6964463531388614	0
15588	0.5081471070783653	0
15589	0.49502536684838877	0
15590	0.002722443059328945	0
15591	0.7172175009818665	0
15592	0.25868267550269164	0
15593	0.3729648864152931	0
15594	0.5458805631782436	0
15595	0.37986544396576233	0
15596	0.00033638776139332486	0
15597	0.5811507783554763	0
15598	0.0	0
15599	0.0	0
15600	0.3498752611975685	0
15601	0.5674415889036392	0
15602	0.5258992683042585	2
15603	0.22292516402489054	0
15604	0.6583486893646321	0
15605	0.5649444779834769	0
15606	0.44807945434882357	0
15607	0.6697270615466333	2
15608	0.3946854494396394	0
15609	0.7050385871955495	0
15610	0.6163050217524007	0
15611	0.4913270548144421	0
15612	0.49261850715737604	0
15613	0.0	0
15614	0.3971293758235658	0
15615	0.19713160584915357	0
15616	0.6715279997212997	1
15617	0.1779115101825319	0
15619	0.0	0
15620	0.26197707286316213	0
15621	0.14013524544646816	0
15622	0.34749469249461423	0
15623	0.09197547454434679	0
15624	0.0	0
15625	0.5475197802593448	0
15626	0.4974513552371828	0
15628	0.31015200659493364	0
15629	0.5723650192480289	0
15630	0.00033638776139332486	0
15631	0.7569524375538526	0
15632	0.4202166444845468	0
15633	0.011882879440219254	0
15634	0.593655262613301	0
15635	0.43735038144806676	0
15636	0.6978559184193466	1
15637	0.4938204326391137	0
15638	0.1869957519327856	0
15639	0.6657213937977968	0
15640	0.5932948864841336	1
15641	0.09371408677781687	0
15642	0.6756064002977586	1
15643	0.011882879440219254	0
15644	0.22148418795159994	0
15645	0.5027899294064831	0
15646	0.00738001500937005	0
15647	0.4280674425361325	0
15648	0.3519528188108904	0
15649	0.0	0
15650	0.0	0
15651	0.5469811377923072	0
15652	0.2517801415925675	0
15653	0.0	0
15654	0.7055397951876142	0
15655	0.36677128476792875	0
15656	0.4859400404494634	0
15657	0.08965157909414241	0
15658	0.5247731116169454	0
15659	0.007026942812017107	0
15660	0.07731365273176458	0
15661	0.4634407709412506	1
15662	0.00738001500937005	0
15663	0.4032447579235107	0
15664	0.5622967208690383	0
15665	0.4571837103079747	0
15666	0.060194732741182325	0
15667	0.591734305159778	0
15668	0.026157228501982762	0
15669	0.0	0
15670	0.17286948771355082	0
15671	0.2501799919433094	0
15672	0.007026942812017107	0
15673	0.4219060252451237	0
15674	0.5763288088802901	1
15675	0.0	0
15676	0.41032226105699193	0
15677	0.09371408677781687	0
15678	0.5233883656885842	0
15679	0.15089786451455328	0
15680	0.5619564131719078	0
15681	0.22232299896583577	0
15682	0.008167329177986835	0
15683	0.3950705746209197	0
15684	0.28983876682887894	0
15685	0.4205650799682694	1
15686	0.2688035884291262	0
15687	0.00738001500937005	0
15688	0.6244976464108182	2
15689	0.22679541654629312	0
15690	0.0	0
15691	0.014053885624034214	0
15692	0.7458748388295418	1
15693	0.014053885624034214	0
15694	0.6421187481235673	0
15695	0.28384444743380016	0
15696	0.00033638776139332486	0
15697	0.049042228138852124	0
15698	0.5820022018848474	0
15699	0.0	0
15700	0.6990545028232197	0
15701	0.24963147730811028	0
15702	3.059023205018258e-07	0
15703	0.002722443059328945	0
15704	0.0695862641574161	0
15705	0.41210418285307815	0
15706	0.0	0
15707	0.30382439431428365	0
15708	0.5091247544258609	0
15709	0.31450387362651194	0
15710	0.540211237409211	0
15711	0.04114984934384358	0
15712	0.1445657321488412	0
15714	0.4637035954437472	0
15715	0.4565896890818026	0
15716	0.002722443059328945	0
15717	0.023765758880438505	0
15718	0.6893123172410157	0
15719	0.5989388467499795	2
15720	0.15395017226182534	0
15721	0.005444886118657889	1
15722	0.02108082843605132	0
15723	0.002722443059328945	0
15724	0.5223872236712032	0
15725	0.5380502212956555	0
15726	0.6059726502861211	1
15727	0.0	0
15729	0.5734590302442227	0
15730	0.310541108540094	0
15731	0.0	0
15732	0.3537895667492231	0
15733	0.0	0
15734	0.0	0
15735	0.26715079270570763	0
15736	0.049042228138852124	0
15737	0.5366985431453968	0
15739	0.0	0
15740	0.002722443059328945	0
15741	0.7422672395369174	0
15742	0.6728690793968723	0
15743	0.5340284604881701	0
15745	0.5584211472279222	0
15746	0.00033638776139332486	0
15748	0.8209744601720245	1
15749	0.30575255907223986	0
15750	0.00033638776139332486	0
15751	0.057623162571183634	0
15752	0.6039438264586765	0
15753	0.0	0
15754	0.0	0
15755	0.41701569024445967	0
